 1.6433e+007    -0.097693            0     8.2e+006       4.1899 Wed Jun 01 13:59:44 2022
 1.7897e+007     -0.08122            0       9e+006        4.238 Wed Jun 01 14:00:45 2022
 1.8117e+007    -0.077237            0    9.13e+006       4.1318 Wed Jun 01 14:01:45 2022
  1.819e+007    -0.075877            0  9.0733e+006       4.0138 Wed Jun 01 14:02:45 2022
  1.825e+007      -0.0826            0  9.1267e+006       3.9189 Wed Jun 01 14:03:45 2022
 1.8037e+007    -0.084413            0  9.0267e+006       4.3778 Wed Jun 01 14:04:45 2022
 1.8157e+007     -0.07608            0  9.1167e+006       3.9238 Wed Jun 01 14:05:46 2022
  1.802e+007     -0.08857            0  9.0267e+006       3.9535 Wed Jun 01 14:06:46 2022
 1.7873e+007     -0.08151            0  8.9733e+006       4.3357 Wed Jun 01 14:07:46 2022
 1.7893e+007    -0.081593            0    8.98e+006       4.1115 Wed Jun 01 14:08:46 2022
  1.813e+007     -0.07741            0  9.0733e+006       4.1308 Wed Jun 01 14:09:46 2022
  1.782e+007     -0.08081            0  9.0033e+006       4.1829 Wed Jun 01 14:10:46 2022
 1.8093e+007     -0.08257            0    9.07e+006       4.3159 Wed Jun 01 14:11:47 2022
 1.7957e+007    -0.074357            0  9.0267e+006       3.9332 Wed Jun 01 14:12:47 2022
  1.799e+007    -0.084957            0  9.0433e+006       4.3024 Wed Jun 01 14:13:47 2022
    1.8e+007     -0.08439            0  9.0567e+006       3.9858 Wed Jun 01 14:14:47 2022
   1.78e+007     -0.08553            0  8.9033e+006       4.3115 Wed Jun 01 14:15:47 2022
  4.376e+007     -0.64731            0  2.2163e+007      0.28403 Wed Jun 01 15:18:18 2022
 4.5603e+007     -0.57206            0  2.3327e+007      0.43632 Wed Jun 01 15:19:18 2022
 4.3603e+007     -0.65343            0   2.196e+007      0.36603 Wed Jun 01 15:20:18 2022
 4.6037e+007      -0.6215            0  2.4437e+007      0.45687 Wed Jun 01 15:21:19 2022
 4.8187e+007     -0.55233            0  2.4377e+007      0.45058 Wed Jun 01 15:22:19 2022
 4.4197e+007     -0.57316            0   2.242e+007      0.40265 Wed Jun 01 15:23:19 2022
 4.3307e+007     -0.58688            0  2.1973e+007      0.39632 Wed Jun 01 15:24:19 2022
  4.331e+007     -0.59079            0  2.2207e+007      0.51439 Wed Jun 01 15:25:19 2022
 4.4137e+007     -0.55005            0  2.2977e+007      0.55442 Wed Jun 01 15:26:20 2022
 4.6513e+007     -0.54319            0  2.3213e+007      0.43308 Wed Jun 01 15:27:20 2022
  4.563e+007     -0.56078            0  2.3257e+007      0.46766 Wed Jun 01 15:28:20 2022
 4.7833e+007     -0.49349            0  2.4287e+007      0.59472 Wed Jun 01 15:29:20 2022
 4.4897e+007     -0.55095            0   2.262e+007      0.47434 Wed Jun 01 15:30:20 2022
 4.5243e+007     -0.54177            0  2.2053e+007      0.57944 Wed Jun 01 15:31:20 2022
  4.547e+007     -0.47705            0  2.2997e+007      0.62638 Wed Jun 01 15:32:21 2022
 4.5007e+007     -0.53376            0  2.2697e+007      0.50932 Wed Jun 01 15:33:21 2022
  4.625e+007     -0.49067            0  2.3733e+007      0.65277 Wed Jun 01 15:34:21 2022
 4.7247e+007     -0.62784            0   2.502e+007      0.32139 Wed Jun 01 16:36:52 2022
 4.9357e+007     -0.63894            0   2.579e+007      0.37343 Wed Jun 01 16:37:52 2022
 4.8303e+007     -0.67552            0   2.526e+007      0.35097 Wed Jun 01 16:38:52 2022
  4.645e+007     -0.70045            0   2.361e+007       0.2491 Wed Jun 01 16:39:52 2022
 4.4177e+007     -0.68493            0  2.2527e+007        0.361 Wed Jun 01 16:40:52 2022
  4.625e+007     -0.61599            0   2.396e+007      0.41251 Wed Jun 01 16:41:53 2022
 4.8187e+007      -0.6386            0  2.4047e+007       0.2784 Wed Jun 01 16:42:53 2022
 4.9213e+007     -0.61118            0  2.5247e+007      0.38007 Wed Jun 01 16:43:53 2022
 4.5863e+007     -0.61747            0  2.4017e+007      0.43436 Wed Jun 01 16:44:53 2022
 4.8393e+007      -0.6275            0  2.4947e+007      0.42123 Wed Jun 01 16:45:53 2022
 4.7777e+007     -0.56098            0  2.4153e+007      0.43978 Wed Jun 01 16:46:54 2022
 4.6867e+007      -0.5609            0  2.3737e+007      0.45811 Wed Jun 01 16:47:54 2022
 4.5987e+007     -0.58091            0  2.3457e+007      0.43264 Wed Jun 01 16:48:54 2022
    4.9e+007      -0.5478            0  2.4187e+007      0.45789 Wed Jun 01 16:49:54 2022
  4.714e+007     -0.62088            0  2.4183e+007      0.41589 Wed Jun 01 16:50:54 2022
 4.6067e+007      -0.5654            0  2.3697e+007      0.48799 Wed Jun 01 16:51:54 2022
 4.4343e+007     -0.60211            0  2.2487e+007      0.39598 Wed Jun 01 16:52:55 2022
 4.7953e+007     -0.53631            0  2.3887e+007       0.4553 Wed Jun 01 16:53:55 2022
 4.4873e+007      -0.6784            0  2.3677e+007      0.29543 Wed Jun 01 17:56:26 2022
  4.854e+007     -0.66229            0  2.5857e+007      0.41553 Wed Jun 01 17:57:26 2022
 4.8083e+007     -0.64295            0   2.451e+007       0.3332 Wed Jun 01 17:58:26 2022
  4.916e+007     -0.60199            0  2.5697e+007      0.35044 Wed Jun 01 17:59:26 2022
  4.646e+007     -0.67665            0  2.4277e+007      0.36427 Wed Jun 01 18:00:26 2022
  4.776e+007     -0.69533            0   2.471e+007       0.2824 Wed Jun 01 18:01:26 2022
  4.838e+007     -0.61037            0  2.4447e+007      0.35281 Wed Jun 01 18:02:27 2022
 4.8497e+007     -0.60002            0   2.409e+007      0.28397 Wed Jun 01 18:03:27 2022
 4.5843e+007     -0.66658            0  2.3607e+007      0.30247 Wed Jun 01 18:04:27 2022
 4.8117e+007     -0.68523            0  2.4293e+007        0.276 Wed Jun 01 18:05:27 2022
 4.7287e+007     -0.67265            0   2.343e+007      0.28167 Wed Jun 01 18:06:27 2022
 5.1827e+007     -0.56835            0   2.694e+007      0.32093 Wed Jun 01 18:07:28 2022
 4.9473e+007     -0.56709            0  2.5413e+007      0.43672 Wed Jun 01 18:08:28 2022
 4.9273e+007      -0.6641            0  2.4733e+007       0.2856 Wed Jun 01 18:09:28 2022
  5.293e+007     -0.56394            0  2.6363e+007      0.39077 Wed Jun 01 18:10:28 2022
 5.1493e+007     -0.56292            0   2.546e+007      0.36924 Wed Jun 01 18:11:28 2022
 4.6897e+007     -0.62289            0   2.423e+007      0.42511 Wed Jun 01 18:12:29 2022
 4.6583e+007     -0.74039            0   2.403e+007      0.16947 Wed Jun 01 19:14:59 2022
 4.7223e+007     -0.74094            0  2.4293e+007      0.19536 Wed Jun 01 19:15:59 2022
 4.8803e+007     -0.72689            0  2.4727e+007      0.19215 Wed Jun 01 19:17:00 2022
 5.0103e+007     -0.60179            0  2.5787e+007      0.37378 Wed Jun 01 19:18:00 2022
  4.591e+007     -0.69445            0    2.35e+007      0.22715 Wed Jun 01 19:19:00 2022
  4.886e+007     -0.70199            0  2.4303e+007      0.26707 Wed Jun 01 19:20:00 2022
  4.707e+007      -0.6507            0  2.5103e+007      0.39957 Wed Jun 01 19:21:00 2022
 4.8563e+007     -0.69435            0  2.4117e+007       0.3232 Wed Jun 01 19:22:00 2022
 5.1243e+007     -0.63165            0  2.4577e+007      0.27893 Wed Jun 01 19:23:01 2022
 5.2727e+007     -0.59022            0    2.67e+007       0.3467 Wed Jun 01 19:24:01 2022
  4.897e+007     -0.59446            0  2.5447e+007      0.39249 Wed Jun 01 19:25:01 2022
  4.989e+007     -0.57305            0  2.5393e+007      0.42378 Wed Jun 01 19:26:01 2022
 4.6173e+007     -0.66716            0  2.4303e+007      0.40763 Wed Jun 01 19:27:01 2022
 4.8587e+007     -0.58799            0   2.569e+007      0.33083 Wed Jun 01 19:28:02 2022
  5.163e+007     -0.60046            0   2.538e+007      0.28627 Wed Jun 01 19:29:02 2022
 5.2187e+007      -0.5844            0  2.5767e+007      0.30627 Wed Jun 01 19:30:02 2022
  5.006e+007     -0.56008            0  2.5377e+007      0.42515 Wed Jun 01 19:31:02 2022
 4.7337e+007     -0.61422            0  2.4093e+007      0.36922 Wed Jun 01 19:32:02 2022
 5.2313e+007     -0.64145            0  2.7153e+007      0.29633 Wed Jun 01 20:34:33 2022
  4.905e+007     -0.75128            0  2.4757e+007      0.18533 Wed Jun 01 20:35:33 2022
 4.7567e+007     -0.71834            0   2.488e+007      0.26907 Wed Jun 01 20:36:33 2022
 5.1863e+007     -0.65156            0  2.6047e+007      0.22581 Wed Jun 01 20:37:34 2022
 5.0397e+007     -0.60323            0  2.5293e+007      0.30267 Wed Jun 01 20:38:34 2022
 4.6097e+007     -0.68417            0  2.3963e+007      0.23535 Wed Jun 01 20:39:34 2022
 4.6643e+007     -0.69363            0   2.378e+007      0.23102 Wed Jun 01 20:40:34 2022
  4.751e+007     -0.66725            0  2.3923e+007      0.27547 Wed Jun 01 20:41:34 2022
 5.3353e+007     -0.62717            0  2.7503e+007      0.38947 Wed Jun 01 20:42:34 2022
 4.8217e+007     -0.67823            0  2.5057e+007       0.3222 Wed Jun 01 20:43:35 2022
  4.956e+007     -0.60453            0  2.4207e+007        0.264 Wed Jun 01 20:44:35 2022
 5.4393e+007     -0.59064            0  2.7747e+007      0.40187 Wed Jun 01 20:45:35 2022
 4.9477e+007     -0.69866            0   2.653e+007      0.37213 Wed Jun 01 20:46:35 2022
 5.3853e+007     -0.57724            0  2.7243e+007      0.41337 Wed Jun 01 20:47:35 2022
 5.2473e+007     -0.58678            0   2.654e+007      0.40773 Wed Jun 01 20:48:36 2022
  4.773e+007     -0.65782            0  2.5017e+007      0.41067 Wed Jun 01 20:49:36 2022
  4.935e+007     -0.68263            0  2.4833e+007       0.2663 Wed Jun 01 20:50:36 2022
 4.7257e+007     -0.67648            0  2.3497e+007      0.20443 Wed Jun 01 21:53:07 2022
 4.5903e+007     -0.71273            0  2.3683e+007      0.18876 Wed Jun 01 21:54:07 2022
 4.8063e+007     -0.65411            0   2.342e+007      0.20109 Wed Jun 01 21:55:07 2022
  4.794e+007     -0.74238            0  2.4647e+007      0.18749 Wed Jun 01 21:56:07 2022
  5.152e+007     -0.65673            0  2.6903e+007      0.34677 Wed Jun 01 21:57:07 2022
  4.586e+007     -0.71048            0  2.3433e+007       0.2512 Wed Jun 01 21:58:08 2022
   4.65e+007     -0.69025            0  2.3433e+007      0.21753 Wed Jun 01 21:59:08 2022
 5.2343e+007     -0.63697            0  2.7087e+007      0.36627 Wed Jun 01 22:00:08 2022
 5.3687e+007      -0.6073            0  2.6303e+007      0.34664 Wed Jun 01 22:01:08 2022
 4.9083e+007     -0.70522            0  2.6307e+007      0.33853 Wed Jun 01 22:02:08 2022
  4.753e+007     -0.68312            0  2.5113e+007      0.31313 Wed Jun 01 22:03:09 2022
   5.12e+007     -0.59266            0  2.5147e+007      0.30071 Wed Jun 01 22:04:09 2022
 5.0607e+007     -0.58451            0  2.4847e+007      0.28629 Wed Jun 01 22:05:09 2022
 4.7743e+007     -0.64607            0  2.3627e+007       0.2562 Wed Jun 01 22:06:09 2022
 5.0317e+007     -0.58579            0  2.5267e+007      0.36669 Wed Jun 01 22:07:09 2022
 5.4087e+007      -0.5817            0  2.7063e+007      0.39715 Wed Jun 01 22:08:09 2022
 4.8407e+007     -0.68407            0    2.52e+007      0.32263 Wed Jun 01 22:09:10 2022
  5.394e+007     -0.59183            0   2.637e+007      0.33344 Wed Jun 01 22:10:10 2022
 4.9237e+007     -0.69317            0   2.532e+007      0.19669 Wed Jun 01 23:12:40 2022
 4.8427e+007     -0.73181            0  2.4427e+007      0.17902 Wed Jun 01 23:13:41 2022
 4.6373e+007     -0.69502            0   2.451e+007       0.3364 Wed Jun 01 23:14:41 2022
 4.7953e+007     -0.72995            0   2.448e+007      0.19282 Wed Jun 01 23:15:41 2022
  5.249e+007     -0.62217            0  2.6117e+007      0.22861 Wed Jun 01 23:16:41 2022
 4.7177e+007     -0.72259            0  2.3077e+007      0.23513 Wed Jun 01 23:17:41 2022
 5.2197e+007     -0.61202            0  2.6323e+007      0.25553 Wed Jun 01 23:18:42 2022
  5.184e+007     -0.60882            0  2.5923e+007      0.36998 Wed Jun 01 23:19:42 2022
  5.038e+007     -0.60732            0  2.4883e+007      0.29203 Wed Jun 01 23:20:42 2022
 5.2197e+007     -0.60321            0  2.6727e+007      0.26602 Wed Jun 01 23:21:42 2022
 4.7967e+007     -0.71432            0    2.45e+007      0.21729 Wed Jun 01 23:22:42 2022
 4.7417e+007     -0.63451            0  2.3667e+007      0.27577 Wed Jun 01 23:23:43 2022
  4.952e+007       -0.601            0  2.4647e+007      0.29818 Wed Jun 01 23:24:43 2022
 5.2527e+007     -0.59648            0    2.62e+007      0.37957 Wed Jun 01 23:25:43 2022
 5.1183e+007     -0.59305            0   2.675e+007      0.34934 Wed Jun 01 23:26:43 2022
  4.756e+007     -0.68911            0   2.461e+007      0.32777 Wed Jun 01 23:27:43 2022
  5.237e+007     -0.59525            0   2.661e+007       0.3889 Wed Jun 01 23:28:43 2022
  4.845e+007      -0.6404            0  2.5273e+007      0.32993 Thu Jun 02 00:31:14 2022
 5.1693e+007     -0.68077            0   2.847e+007       0.3539 Thu Jun 02 00:32:14 2022
  4.625e+007     -0.69373            0  2.3177e+007      0.19894 Thu Jun 02 00:33:14 2022
  5.037e+007     -0.61679            0  2.5623e+007      0.35104 Thu Jun 02 00:34:15 2022
 4.5243e+007     -0.71586            0  2.3013e+007      0.20112 Thu Jun 02 00:35:15 2022
 4.7403e+007     -0.65907            0  2.3593e+007      0.22044 Thu Jun 02 00:36:15 2022
 4.7803e+007     -0.73367            0  2.4227e+007      0.19895 Thu Jun 02 00:37:15 2022
 5.0447e+007     -0.61192            0   2.544e+007      0.35604 Thu Jun 02 00:38:15 2022
  4.997e+007     -0.69143            0   2.529e+007      0.25973 Thu Jun 02 00:39:16 2022
 5.0137e+007      -0.6758            0  2.4463e+007      0.23317 Thu Jun 02 00:40:16 2022
  4.603e+007     -0.68899            0  2.3433e+007       0.2607 Thu Jun 02 00:41:16 2022
 4.6807e+007      -0.7171            0  2.3623e+007      0.22018 Thu Jun 02 00:42:16 2022
 4.5363e+007     -0.71297            0   2.301e+007       0.2575 Thu Jun 02 00:43:16 2022
 4.7813e+007     -0.71622            0  2.3983e+007      0.22737 Thu Jun 02 00:44:17 2022
 4.9703e+007     -0.60405            0  2.5557e+007      0.37863 Thu Jun 02 00:45:17 2022
 4.6493e+007     -0.69684            0    2.36e+007      0.22373 Thu Jun 02 00:46:17 2022
  5.252e+007      -0.6068            0  2.5593e+007      0.28871 Thu Jun 02 00:47:17 2022
 4.7643e+007     -0.62493            0   2.392e+007       0.2846 Thu Jun 02 00:48:17 2022
   5.08e+007     -0.64676            0  2.6593e+007      0.33767 Thu Jun 02 01:50:48 2022
 4.9843e+007     -0.62723            0  2.5953e+007       0.3292 Thu Jun 02 01:51:48 2022
 4.7693e+007     -0.67258            0   2.346e+007       0.1978 Thu Jun 02 01:52:48 2022
    4.8e+007     -0.62065            0   2.422e+007       0.2875 Thu Jun 02 01:53:49 2022
 5.1763e+007      -0.5967            0   2.676e+007      0.35541 Thu Jun 02 01:54:49 2022
 4.8267e+007     -0.71187            0  2.5837e+007      0.33623 Thu Jun 02 01:55:49 2022
 4.8367e+007      -0.6089            0  2.4433e+007      0.30115 Thu Jun 02 01:56:49 2022
  5.002e+007     -0.59989            0  2.5297e+007      0.39001 Thu Jun 02 01:57:49 2022
 4.7097e+007     -0.64802            0   2.401e+007       0.2875 Thu Jun 02 01:58:49 2022
 4.8937e+007     -0.69531            0  2.4927e+007      0.23265 Thu Jun 02 01:59:50 2022
 4.5787e+007     -0.67668            0  2.3763e+007      0.36743 Thu Jun 02 02:00:50 2022
  4.968e+007     -0.68043            0   2.533e+007      0.27387 Thu Jun 02 02:01:50 2022
 4.8857e+007     -0.59434            0  2.5243e+007      0.40073 Thu Jun 02 02:02:50 2022
 4.7057e+007     -0.68498            0  2.3307e+007      0.26873 Thu Jun 02 02:03:50 2022
  4.583e+007     -0.66692            0  2.3383e+007      0.28773 Thu Jun 02 02:04:51 2022
  5.079e+007     -0.63648            0   2.626e+007      0.36113 Thu Jun 02 02:05:51 2022
  4.757e+007     -0.61104            0  2.4173e+007      0.41159 Thu Jun 02 02:06:51 2022
 4.5873e+007     -0.73467            0  2.3953e+007      0.21477 Thu Jun 02 03:09:22 2022
 5.2317e+007      -0.5892            0   2.663e+007      0.35151 Thu Jun 02 03:10:22 2022
 4.6393e+007     -0.47102            0  2.3213e+007      0.62815 Thu Jun 02 03:11:22 2022
 4.8743e+007       -0.555            0  2.3873e+007      0.35609 Thu Jun 02 03:12:22 2022
  5.109e+007     -0.56828            0   2.615e+007      0.44213 Thu Jun 02 03:13:22 2022
  4.793e+007     -0.52765            0   2.491e+007      0.45088 Thu Jun 02 03:14:23 2022
 4.6147e+007     -0.58013            0   2.348e+007      0.36957 Thu Jun 02 03:15:23 2022
 4.7887e+007     -0.52738            0  2.3627e+007      0.38314 Thu Jun 02 03:16:23 2022
 4.5747e+007      -0.6175            0  2.2627e+007      0.41347 Thu Jun 02 03:17:23 2022
 4.8123e+007     -0.52763            0    2.54e+007      0.46664 Thu Jun 02 03:18:23 2022
 4.7957e+007     -0.52572            0   2.393e+007      0.42527 Thu Jun 02 03:19:23 2022
 4.9333e+007     -0.51984            0  2.4193e+007      0.45753 Thu Jun 02 03:20:24 2022
 4.8033e+007     -0.51366            0  2.3843e+007      0.45296 Thu Jun 02 03:21:24 2022
   4.62e+007     -0.59844            0  2.2463e+007      0.43139 Thu Jun 02 03:22:24 2022
 4.8513e+007     -0.50863            0  2.5017e+007      0.55017 Thu Jun 02 03:23:24 2022
 4.9277e+007     -0.52756            0   2.529e+007      0.54688 Thu Jun 02 03:24:24 2022
 4.6387e+007     -0.58953            0   2.376e+007      0.39693 Thu Jun 02 03:25:25 2022
 4.5077e+007      -0.7084            0  2.3643e+007      0.21993 Thu Jun 02 04:27:55 2022
  4.933e+007     -0.59054            0   2.537e+007      0.39107 Thu Jun 02 04:28:55 2022
 4.1383e+007     -0.23185            0   2.084e+007        1.545 Thu Jun 02 04:29:56 2022
 4.0913e+007     -0.25733            0   2.071e+007       1.5921 Thu Jun 02 04:30:56 2022
 4.0783e+007      -0.2737            0  2.0547e+007       1.3052 Thu Jun 02 04:31:56 2022
  4.032e+007     -0.26353            0  2.0463e+007       1.3022 Thu Jun 02 04:32:56 2022
  4.214e+007     -0.24106            0   2.146e+007       1.3055 Thu Jun 02 04:33:56 2022
  4.025e+007     -0.24607            0   2.036e+007       1.4332 Thu Jun 02 04:34:57 2022
  4.223e+007     -0.23258            0  2.1367e+007       1.5173 Thu Jun 02 04:35:57 2022
 3.9957e+007     -0.28289            0  2.0213e+007       1.2607 Thu Jun 02 04:36:57 2022
 4.1103e+007     -0.25176            0   2.033e+007       1.2838 Thu Jun 02 04:37:57 2022
 4.0377e+007     -0.27784            0  2.0893e+007       1.4376 Thu Jun 02 04:38:57 2022
   3.98e+007     -0.28732            0   2.013e+007       1.3318 Thu Jun 02 04:39:57 2022
 3.9913e+007     -0.26673            0   2.017e+007       1.4227 Thu Jun 02 04:40:58 2022
 3.9817e+007      -0.2782            0    2.02e+007       1.3598 Thu Jun 02 04:41:58 2022
 4.1643e+007     -0.26749            0  2.0923e+007       1.2673 Thu Jun 02 04:42:58 2022
 4.0227e+007     -0.28826            0  2.0037e+007       1.4291 Thu Jun 02 04:43:58 2022
 3.9753e+007     -0.25125            0   2.013e+007       1.4322 Thu Jun 02 04:44:58 2022
 5.4307e+007     -0.60777            0  2.6807e+007       0.2454 Thu Jun 02 05:47:29 2022
  4.695e+007      -0.4794            0  2.3843e+007      0.64499 Thu Jun 02 05:48:29 2022
  4.735e+007       -0.428            0  2.3993e+007      0.72639 Thu Jun 02 05:49:29 2022
  4.939e+007     -0.39443            0   2.522e+007      0.78173 Thu Jun 02 05:50:30 2022
 4.9113e+007      -0.4031            0  2.4957e+007      0.74439 Thu Jun 02 05:51:30 2022
 4.7437e+007      -0.4278            0  2.4137e+007      0.69942 Thu Jun 02 05:52:30 2022
  4.821e+007     -0.43366            0  2.4387e+007      0.69433 Thu Jun 02 05:53:30 2022
 4.6483e+007     -0.39465            0  2.3713e+007      0.83685 Thu Jun 02 05:54:30 2022
 4.5583e+007     -0.42956            0  2.3217e+007      0.77927 Thu Jun 02 05:55:31 2022
 4.7593e+007     -0.43513            0  2.3667e+007       0.6962 Thu Jun 02 05:56:31 2022
  4.745e+007     -0.43836            0  2.3297e+007      0.75732 Thu Jun 02 05:57:31 2022
 4.5703e+007     -0.40802            0   2.324e+007      0.78328 Thu Jun 02 05:58:31 2022
  4.594e+007     -0.39494            0  2.3093e+007      0.75007 Thu Jun 02 05:59:31 2022
 4.8483e+007     -0.38247            0   2.441e+007      0.69697 Thu Jun 02 06:00:31 2022
 4.5173e+007     -0.43283            0  2.3157e+007       0.8044 Thu Jun 02 06:01:32 2022
 4.6447e+007     -0.39197            0  2.3207e+007      0.72035 Thu Jun 02 06:02:32 2022
 4.6633e+007     -0.43152            0  2.2757e+007      0.81223 Thu Jun 02 06:03:32 2022
 5.2823e+007     -0.48303            0  2.7313e+007      0.45639 Thu Jun 02 07:06:03 2022
 5.3087e+007     -0.47116            0   2.694e+007      0.51597 Thu Jun 02 07:07:03 2022
  4.947e+007     -0.49073            0  2.6373e+007      0.49729 Thu Jun 02 07:08:03 2022
 5.1557e+007     -0.49009            0   2.626e+007      0.57872 Thu Jun 02 07:09:03 2022
  4.707e+007     -0.52042            0  2.3773e+007      0.45596 Thu Jun 02 07:10:03 2022
 4.9823e+007     -0.52559            0  2.5413e+007      0.49296 Thu Jun 02 07:11:04 2022
 4.8787e+007     -0.49306            0   2.464e+007      0.60023 Thu Jun 02 07:12:04 2022
  4.617e+007     -0.53822            0  2.3513e+007      0.49859 Thu Jun 02 07:13:04 2022
 4.9557e+007     -0.51787            0  2.4963e+007      0.47879 Thu Jun 02 07:14:04 2022
  4.675e+007     -0.56073            0  2.3197e+007      0.55484 Thu Jun 02 07:15:04 2022
  4.946e+007     -0.51477            0  2.5303e+007      0.57619 Thu Jun 02 07:16:05 2022
  4.973e+007     -0.50153            0  2.5793e+007      0.62403 Thu Jun 02 07:17:05 2022
 4.7943e+007     -0.47904            0  2.4367e+007      0.61654 Thu Jun 02 07:18:05 2022
 4.7713e+007     -0.47164            0   2.446e+007      0.65009 Thu Jun 02 07:19:05 2022
 4.6413e+007     -0.47641            0  2.4043e+007      0.65573 Thu Jun 02 07:20:05 2022
  4.673e+007     -0.51367            0  2.3927e+007      0.53008 Thu Jun 02 07:21:05 2022
 4.9513e+007     -0.47958            0   2.529e+007      0.57132 Thu Jun 02 07:22:06 2022
 4.5363e+007     -0.52721            0  2.3303e+007      0.61649 Thu Jun 02 07:23:06 2022
 5.0617e+007     -0.41438            0   2.582e+007      0.76345 Thu Jun 02 08:25:37 2022
 5.0383e+007     -0.57959            0  2.5497e+007      0.41194 Thu Jun 02 08:26:37 2022
 4.8633e+007     -0.54949            0  2.4763e+007      0.48706 Thu Jun 02 08:27:37 2022
 5.0093e+007     -0.54811            0   2.648e+007       0.5596 Thu Jun 02 08:28:37 2022
 5.1957e+007     -0.51627            0  2.6843e+007      0.58361 Thu Jun 02 08:29:37 2022
  4.975e+007     -0.49735            0   2.531e+007      0.57497 Thu Jun 02 08:30:37 2022
 4.7757e+007      -0.5338            0   2.414e+007      0.46672 Thu Jun 02 08:31:38 2022
 4.9713e+007     -0.54145            0  2.6057e+007      0.57328 Thu Jun 02 08:32:38 2022
 5.1467e+007      -0.4847            0   2.518e+007      0.50363 Thu Jun 02 08:33:38 2022
 4.8773e+007     -0.49074            0   2.424e+007      0.51441 Thu Jun 02 08:34:38 2022
 4.8227e+007      -0.4922            0   2.455e+007      0.57869 Thu Jun 02 08:35:38 2022
 5.0673e+007     -0.51776            0  2.5747e+007      0.50471 Thu Jun 02 08:36:39 2022
 4.8257e+007     -0.49214            0   2.486e+007       0.6238 Thu Jun 02 08:37:39 2022
   5.04e+007     -0.50942            0  2.5407e+007      0.47934 Thu Jun 02 08:38:39 2022
 4.8467e+007      -0.4796            0  2.4087e+007      0.50982 Thu Jun 02 08:39:39 2022
 5.0463e+007     -0.47237            0   2.554e+007      0.62434 Thu Jun 02 08:40:39 2022
  4.987e+007     -0.51534            0  2.5293e+007       0.5079 Thu Jun 02 08:41:39 2022
