 1.6227e+007       1.9395            0  8.1067e+006       4.4204 Wed Jun 01 13:59:56 2022
 1.7913e+007        1.966            0  8.9367e+006       4.2074 Wed Jun 01 14:00:56 2022
 1.7997e+007       1.9661            0  9.0333e+006        4.217 Wed Jun 01 14:01:56 2022
 1.7873e+007       1.8867            0  8.9233e+006       4.2445 Wed Jun 01 14:02:56 2022
 1.7927e+007       1.8763            0  8.9633e+006       4.1875 Wed Jun 01 14:03:56 2022
 1.8023e+007       2.0814            0  9.0267e+006       4.2402 Wed Jun 01 14:04:56 2022
 1.7897e+007       1.8625            0  8.9567e+006       4.1967 Wed Jun 01 14:05:57 2022
  1.792e+007       1.9084            0  8.9167e+006       4.1412 Wed Jun 01 14:06:57 2022
  1.789e+007       2.0054            0  8.9267e+006       4.1802 Wed Jun 01 14:07:57 2022
 1.7843e+007       1.9778            0  8.9233e+006       4.2088 Wed Jun 01 14:08:57 2022
  1.782e+007       1.9316            0  8.9067e+006       4.2287 Wed Jun 01 14:09:57 2022
 1.7773e+007       1.9525            0  8.8933e+006       4.2071 Wed Jun 01 14:10:58 2022
  1.777e+007       2.1157            0    8.88e+006       4.2017 Wed Jun 01 14:11:58 2022
 1.7703e+007       1.8437            0  8.8467e+006       4.1548 Wed Jun 01 14:12:58 2022
 1.7683e+007       2.0961            0    8.82e+006       4.1551 Wed Jun 01 14:13:58 2022
  1.772e+007       1.9271            0  8.8633e+006       4.2021 Wed Jun 01 14:14:58 2022
 1.7757e+007       2.0902            0  8.8767e+006       4.1297 Wed Jun 01 14:15:59 2022
 4.1497e+007     -0.36623            0  2.0753e+007      0.30997 Wed Jun 01 15:18:29 2022
  4.164e+007     -0.30897            0  2.0917e+007      0.33663 Wed Jun 01 15:19:29 2022
 4.1593e+007     -0.29133            0  2.0713e+007       0.3409 Wed Jun 01 15:20:30 2022
 4.1533e+007      -0.2748            0  2.0617e+007      0.37587 Wed Jun 01 15:21:30 2022
  4.152e+007     -0.26127            0  2.0723e+007      0.37977 Wed Jun 01 15:22:30 2022
 4.1727e+007      -0.2713            0  2.0863e+007       0.4065 Wed Jun 01 15:23:30 2022
 4.1537e+007     -0.23963            0  2.0727e+007       0.4274 Wed Jun 01 15:24:30 2022
 4.1617e+007      -0.1923            0   2.069e+007      0.44247 Wed Jun 01 15:25:31 2022
 4.1633e+007     -0.19016            0  2.0763e+007       0.4595 Wed Jun 01 15:26:31 2022
  4.179e+007     -0.21634            0  2.0843e+007      0.46304 Wed Jun 01 15:27:31 2022
  4.167e+007     -0.19277            0  2.0763e+007      0.47842 Wed Jun 01 15:28:31 2022
 4.1377e+007     -0.14828            0   2.072e+007      0.48796 Wed Jun 01 15:29:31 2022
  4.123e+007     -0.18426            0  2.0617e+007      0.49345 Wed Jun 01 15:30:31 2022
  4.136e+007     -0.11725            0  2.0603e+007      0.51811 Wed Jun 01 15:31:32 2022
 4.1293e+007     -0.13009            0  2.0547e+007      0.52725 Wed Jun 01 15:32:32 2022
 4.1223e+007     -0.15309            0  2.0557e+007      0.53896 Wed Jun 01 15:33:32 2022
  4.134e+007      -0.0872            0   2.061e+007      0.54022 Wed Jun 01 15:34:32 2022
  4.328e+007     -0.41445            0  2.1643e+007      0.24333 Wed Jun 01 16:37:03 2022
 4.3287e+007     -0.36677            0   2.168e+007      0.25334 Wed Jun 01 16:38:03 2022
 4.3357e+007       -0.352            0   2.159e+007       0.2713 Wed Jun 01 16:39:03 2022
 4.3153e+007     -0.38063            0  2.1667e+007      0.29017 Wed Jun 01 16:40:03 2022
  4.284e+007      -0.3263            0   2.139e+007      0.30313 Wed Jun 01 16:41:04 2022
 4.2817e+007     -0.31983            0  2.1297e+007       0.3176 Wed Jun 01 16:42:04 2022
 4.2857e+007     -0.36497            0  2.1507e+007      0.31223 Wed Jun 01 16:43:04 2022
 4.2993e+007      -0.3151            0   2.139e+007      0.32803 Wed Jun 01 16:44:04 2022
 4.2933e+007     -0.29293            0   2.146e+007      0.33857 Wed Jun 01 16:45:04 2022
 4.2843e+007      -0.3023            0  2.1483e+007       0.3356 Wed Jun 01 16:46:05 2022
 4.3307e+007      -0.2954            0  2.1593e+007      0.35773 Wed Jun 01 16:47:05 2022
 4.2493e+007     -0.27767            0  2.1167e+007      0.35737 Wed Jun 01 16:48:05 2022
  4.232e+007     -0.29093            0   2.115e+007       0.3537 Wed Jun 01 16:49:05 2022
 4.2457e+007      -0.2851            0  2.1303e+007       0.3745 Wed Jun 01 16:50:05 2022
  4.277e+007     -0.26303            0   2.135e+007      0.38417 Wed Jun 01 16:51:05 2022
 4.2787e+007     -0.24303            0    2.12e+007       0.3888 Wed Jun 01 16:52:06 2022
 4.2493e+007     -0.27127            0  2.1247e+007      0.38667 Wed Jun 01 16:53:06 2022
  4.224e+007     -0.27087            0  2.0977e+007      0.38533 Wed Jun 01 16:54:06 2022
   4.43e+007     -0.33053            0  2.2083e+007      0.31413 Wed Jun 01 17:56:37 2022
  4.525e+007     -0.28717            0  2.2653e+007      0.34857 Wed Jun 01 17:57:37 2022
 4.5243e+007     -0.29097            0   2.253e+007       0.3718 Wed Jun 01 17:58:37 2022
 4.4727e+007     -0.38933            0   2.234e+007      0.26353 Wed Jun 01 17:59:37 2022
 4.4967e+007      -0.3662            0   2.252e+007      0.28607 Wed Jun 01 18:00:37 2022
 4.4743e+007     -0.36687            0  2.2267e+007      0.28753 Wed Jun 01 18:01:38 2022
  4.509e+007      -0.3387            0  2.2433e+007      0.30023 Wed Jun 01 18:02:38 2022
 4.4433e+007     -0.37813            0  2.2233e+007      0.29027 Wed Jun 01 18:03:38 2022
 4.4777e+007     -0.32273            0   2.243e+007      0.30993 Wed Jun 01 18:04:38 2022
  4.422e+007        -0.37            0  2.2057e+007       0.3101 Wed Jun 01 18:05:38 2022
 4.4767e+007      -0.3623            0  2.2363e+007      0.30973 Wed Jun 01 18:06:39 2022
 4.5057e+007     -0.35617            0   2.247e+007      0.31903 Wed Jun 01 18:07:39 2022
  4.454e+007      -0.3093            0  2.2263e+007      0.33303 Wed Jun 01 18:08:39 2022
 4.4577e+007     -0.35513            0  2.2207e+007      0.32167 Wed Jun 01 18:09:39 2022
 4.4707e+007     -0.34413            0  2.2437e+007      0.33177 Wed Jun 01 18:10:39 2022
  4.463e+007      -0.3461            0   2.215e+007       0.3367 Wed Jun 01 18:11:39 2022
  4.445e+007      -0.2941            0  2.2257e+007      0.34373 Wed Jun 01 18:12:40 2022
 4.4103e+007     -0.46533            0  2.2193e+007      0.23032 Wed Jun 01 19:15:10 2022
  4.446e+007     -0.43256            0   2.236e+007      0.24817 Wed Jun 01 19:16:11 2022
  4.534e+007     -0.43059            0  2.2287e+007       0.2549 Wed Jun 01 19:17:11 2022
  4.537e+007        -0.36            0  2.2643e+007       0.2621 Wed Jun 01 19:18:11 2022
 4.5183e+007     -0.41581            0  2.2593e+007      0.27083 Wed Jun 01 19:19:11 2022
 4.4773e+007      -0.3694            0  2.2303e+007      0.27627 Wed Jun 01 19:20:11 2022
  4.425e+007     -0.36413            0  2.2127e+007        0.278 Wed Jun 01 19:21:11 2022
  4.436e+007     -0.33033            0  2.2077e+007       0.2972 Wed Jun 01 19:22:12 2022
 4.4447e+007     -0.34583            0   2.225e+007      0.28847 Wed Jun 01 19:23:12 2022
   4.47e+007     -0.37343            0  2.2147e+007       0.3045 Wed Jun 01 19:24:12 2022
 4.4203e+007     -0.37463            0    2.22e+007       0.3109 Wed Jun 01 19:25:12 2022
 4.4453e+007     -0.32737            0   2.233e+007      0.30667 Wed Jun 01 19:26:12 2022
 4.4333e+007     -0.35877            0  2.2353e+007      0.31187 Wed Jun 01 19:27:13 2022
  4.453e+007     -0.37456            0   2.231e+007      0.32223 Wed Jun 01 19:28:13 2022
 4.4397e+007      -0.3648            0   2.223e+007      0.31753 Wed Jun 01 19:29:13 2022
  4.505e+007     -0.34727            0   2.252e+007       0.3271 Wed Jun 01 19:30:13 2022
 4.4477e+007     -0.33467            0   2.223e+007      0.33547 Wed Jun 01 19:31:13 2022
 4.4903e+007     -0.31917            0  2.2623e+007       0.3535 Wed Jun 01 19:32:13 2022
 4.5163e+007     -0.40997            0  2.2477e+007      0.22815 Wed Jun 01 20:34:44 2022
  4.503e+007     -0.44118            0  2.2607e+007      0.25553 Wed Jun 01 20:35:44 2022
  4.492e+007      -0.3932            0  2.2467e+007      0.24357 Wed Jun 01 20:36:45 2022
  4.547e+007      -0.4267            0  2.2847e+007      0.25407 Wed Jun 01 20:37:45 2022
  4.498e+007     -0.41051            0   2.212e+007        0.266 Wed Jun 01 20:38:45 2022
 4.5587e+007     -0.38059            0   2.261e+007      0.27173 Wed Jun 01 20:39:45 2022
    4.6e+007     -0.40199            0  2.2547e+007      0.26483 Wed Jun 01 20:40:45 2022
 4.5547e+007     -0.38817            0   2.269e+007      0.28027 Wed Jun 01 20:41:45 2022
  4.527e+007     -0.37157            0  2.2633e+007       0.2829 Wed Jun 01 20:42:46 2022
 4.5913e+007     -0.34233            0  2.3293e+007      0.28577 Wed Jun 01 20:43:46 2022
 4.5507e+007     -0.39993            0  2.2763e+007        0.273 Wed Jun 01 20:44:46 2022
 4.6043e+007      -0.3474            0  2.2877e+007      0.28347 Wed Jun 01 20:45:46 2022
 4.5617e+007     -0.33287            0    2.28e+007      0.29033 Wed Jun 01 20:46:46 2022
  4.561e+007     -0.32663            0  2.3043e+007       0.3026 Wed Jun 01 20:47:47 2022
 4.5287e+007      -0.3406            0  2.2667e+007      0.29737 Wed Jun 01 20:48:47 2022
  4.536e+007     -0.32393            0   2.269e+007       0.3039 Wed Jun 01 20:49:47 2022
  4.588e+007     -0.37197            0   2.282e+007      0.30573 Wed Jun 01 20:50:47 2022
   4.52e+007     -0.42132            0   2.255e+007      0.23223 Wed Jun 01 21:53:18 2022
 4.5313e+007     -0.42559            0  2.2943e+007      0.23283 Wed Jun 01 21:54:18 2022
 4.5387e+007     -0.41925            0  2.2813e+007      0.24343 Wed Jun 01 21:55:18 2022
 4.5163e+007     -0.43298            0  2.2597e+007       0.2534 Wed Jun 01 21:56:18 2022
 4.5043e+007      -0.3667            0  2.2373e+007       0.2633 Wed Jun 01 21:57:19 2022
 4.5467e+007     -0.39487            0  2.2723e+007      0.25763 Wed Jun 01 21:58:19 2022
 4.5137e+007     -0.40876            0   2.244e+007      0.25863 Wed Jun 01 21:59:19 2022
  4.496e+007     -0.37147            0   2.252e+007      0.25377 Wed Jun 01 22:00:19 2022
 4.5517e+007     -0.39863            0  2.2743e+007       0.2684 Wed Jun 01 22:01:19 2022
 4.5283e+007      -0.4014            0    2.26e+007      0.27613 Wed Jun 01 22:02:19 2022
  4.512e+007      -0.4036            0  2.2343e+007      0.27107 Wed Jun 01 22:03:20 2022
 4.5463e+007     -0.40437            0  2.2687e+007       0.2738 Wed Jun 01 22:04:20 2022
 4.5333e+007     -0.39932            0  2.2487e+007      0.28603 Wed Jun 01 22:05:20 2022
 4.5083e+007     -0.39364            0   2.261e+007      0.29627 Wed Jun 01 22:06:20 2022
  4.578e+007     -0.33923            0  2.3093e+007      0.29913 Wed Jun 01 22:07:20 2022
  4.521e+007     -0.37907            0  2.2637e+007      0.29213 Wed Jun 01 22:08:21 2022
 4.5677e+007     -0.33877            0  2.2643e+007      0.28607 Wed Jun 01 22:09:21 2022
 4.5583e+007     -0.38097            0  2.2617e+007      0.29843 Wed Jun 01 22:10:21 2022
 4.4067e+007     -0.45641            0  2.2043e+007      0.23697 Wed Jun 01 23:12:52 2022
  4.448e+007     -0.45211            0  2.2307e+007      0.23277 Wed Jun 01 23:13:52 2022
 4.4523e+007     -0.38427            0   2.221e+007      0.24824 Wed Jun 01 23:14:52 2022
  4.425e+007     -0.43966            0   2.201e+007      0.25397 Wed Jun 01 23:15:52 2022
  4.479e+007     -0.42807            0  2.2483e+007      0.25737 Wed Jun 01 23:16:52 2022
  4.409e+007     -0.41707            0  2.1973e+007      0.24227 Wed Jun 01 23:17:53 2022
 4.4557e+007     -0.42114            0  2.2373e+007      0.25757 Wed Jun 01 23:18:53 2022
 4.3873e+007      -0.3744            0   2.191e+007       0.2619 Wed Jun 01 23:19:53 2022
 4.4053e+007     -0.41837            0   2.204e+007        0.269 Wed Jun 01 23:20:53 2022
 4.3987e+007     -0.42479            0  2.1987e+007       0.2672 Wed Jun 01 23:21:53 2022
 4.4477e+007     -0.40279            0  2.2243e+007      0.27683 Wed Jun 01 23:22:53 2022
 4.4127e+007     -0.39023            0  2.2037e+007      0.27037 Wed Jun 01 23:23:54 2022
  4.408e+007     -0.40793            0  2.2327e+007      0.27597 Wed Jun 01 23:24:54 2022
 4.4323e+007     -0.35223            0    2.23e+007      0.27803 Wed Jun 01 23:25:54 2022
  4.412e+007      -0.3783            0  2.2047e+007       0.2821 Wed Jun 01 23:26:54 2022
 4.4743e+007     -0.34757            0   2.225e+007      0.27913 Wed Jun 01 23:27:54 2022
 4.4013e+007     -0.35113            0  2.2103e+007       0.2998 Wed Jun 01 23:28:55 2022
  4.394e+007     -0.41867            0  2.1983e+007      0.21961 Thu Jun 02 00:31:25 2022
 4.4443e+007     -0.40947            0   2.232e+007      0.22695 Thu Jun 02 00:32:25 2022
 4.4157e+007     -0.44178            0  2.1767e+007      0.22375 Thu Jun 02 00:33:26 2022
 4.4233e+007      -0.4005            0  2.1913e+007      0.22824 Thu Jun 02 00:34:26 2022
  4.475e+007     -0.39927            0  2.2327e+007       0.2551 Thu Jun 02 00:35:26 2022
 4.4613e+007     -0.43178            0  2.2497e+007      0.24637 Thu Jun 02 00:36:26 2022
 4.4697e+007     -0.43179            0   2.241e+007       0.2629 Thu Jun 02 00:37:26 2022
 4.5143e+007     -0.37617            0  2.2277e+007      0.26967 Thu Jun 02 00:38:27 2022
 4.4597e+007      -0.4022            0   2.226e+007       0.2638 Thu Jun 02 00:39:27 2022
 4.4637e+007     -0.37033            0  2.2217e+007      0.25097 Thu Jun 02 00:40:27 2022
 4.4237e+007      -0.4117            0   2.202e+007      0.26027 Thu Jun 02 00:41:27 2022
  4.447e+007     -0.42113            0  2.2247e+007       0.2622 Thu Jun 02 00:42:27 2022
 4.3917e+007      -0.4018            0  2.1887e+007      0.26393 Thu Jun 02 00:43:27 2022
 4.4923e+007     -0.39305            0  2.2327e+007      0.27607 Thu Jun 02 00:44:28 2022
  4.459e+007     -0.34913            0  2.2333e+007        0.281 Thu Jun 02 00:45:28 2022
 4.4263e+007     -0.41248            0   2.238e+007       0.2698 Thu Jun 02 00:46:28 2022
 4.4397e+007     -0.40358            0   2.228e+007      0.27603 Thu Jun 02 00:47:28 2022
 4.4227e+007     -0.40007            0   2.202e+007      0.28227 Thu Jun 02 00:48:28 2022
  4.381e+007     -0.40843            0  2.1703e+007      0.22781 Thu Jun 02 01:50:59 2022
 4.5353e+007     -0.42153            0   2.278e+007      0.23424 Thu Jun 02 01:51:59 2022
 4.6087e+007     -0.43466            0  2.2913e+007      0.24205 Thu Jun 02 01:52:59 2022
  4.516e+007      -0.3968            0   2.256e+007      0.27477 Thu Jun 02 01:54:00 2022
 4.4417e+007     -0.39727            0  2.2347e+007       0.2656 Thu Jun 02 01:55:00 2022
 4.4613e+007     -0.36797            0  2.2087e+007       0.2768 Thu Jun 02 01:56:00 2022
 4.5053e+007      -0.3911            0  2.2467e+007      0.27537 Thu Jun 02 01:57:00 2022
 4.4703e+007     -0.34453            0  2.2427e+007      0.28563 Thu Jun 02 01:58:00 2022
 4.4617e+007     -0.39057            0  2.2053e+007       0.2853 Thu Jun 02 01:59:01 2022
  4.456e+007      -0.4084            0  2.2373e+007       0.2976 Thu Jun 02 02:00:01 2022
 4.4863e+007     -0.32573            0    2.23e+007       0.2786 Thu Jun 02 02:01:01 2022
 4.4753e+007     -0.36267            0   2.226e+007      0.28137 Thu Jun 02 02:02:01 2022
 4.5077e+007       -0.337            0  2.2593e+007      0.29933 Thu Jun 02 02:03:01 2022
 4.5063e+007     -0.36473            0  2.2437e+007       0.2916 Thu Jun 02 02:04:01 2022
 4.4323e+007      -0.3815            0   2.201e+007      0.29637 Thu Jun 02 02:05:02 2022
  4.488e+007     -0.34457            0  2.2443e+007       0.2948 Thu Jun 02 02:06:02 2022
  4.467e+007     -0.30137            0   2.218e+007      0.32077 Thu Jun 02 02:07:02 2022
 4.3773e+007     -0.41015            0  2.1937e+007       0.2443 Thu Jun 02 03:09:33 2022
 4.5927e+007     -0.26621            0  2.2347e+007      0.50894 Thu Jun 02 03:10:33 2022
  4.427e+007    -0.011263            0   2.129e+007      0.75498 Thu Jun 02 03:11:33 2022
 4.4467e+007     -0.32402            0   2.216e+007      0.36763 Thu Jun 02 03:12:33 2022
   4.43e+007     -0.28477            0  2.2263e+007      0.39487 Thu Jun 02 03:13:33 2022
 4.4087e+007     -0.29273            0  2.2017e+007      0.38093 Thu Jun 02 03:14:34 2022
  4.419e+007      -0.2979            0   2.221e+007       0.3841 Thu Jun 02 03:15:34 2022
  4.397e+007     -0.27857            0  2.2083e+007       0.4168 Thu Jun 02 03:16:34 2022
 4.3803e+007      -0.2347            0  2.1957e+007        0.401 Thu Jun 02 03:17:34 2022
  4.413e+007     -0.26937            0  2.2137e+007       0.4121 Thu Jun 02 03:18:34 2022
  4.343e+007     -0.25422            0  2.1843e+007      0.43064 Thu Jun 02 03:19:35 2022
 4.3567e+007      -0.2519            0  2.1757e+007       0.4191 Thu Jun 02 03:20:35 2022
   4.34e+007     -0.25163            0  2.1637e+007      0.43913 Thu Jun 02 03:21:35 2022
 4.3627e+007     -0.20288            0  2.1637e+007      0.43501 Thu Jun 02 03:22:35 2022
 4.3177e+007     -0.19797            0   2.165e+007       0.4372 Thu Jun 02 03:23:35 2022
 4.3307e+007     -0.18174            0   2.162e+007      0.44932 Thu Jun 02 03:24:36 2022
 4.3037e+007     -0.24173            0  2.1553e+007      0.45516 Thu Jun 02 03:25:36 2022
 4.3563e+007     -0.41008            0  2.1857e+007       0.2721 Thu Jun 02 04:28:06 2022
 4.3383e+007     -0.34687            0  2.1247e+007       1.3509 Thu Jun 02 04:29:07 2022
 4.0847e+007        0.551            0  2.0473e+007       1.4267 Thu Jun 02 04:30:07 2022
  4.043e+007      0.56967            0  2.0253e+007         1.42 Thu Jun 02 04:31:07 2022
 4.0163e+007      0.43884            0   2.006e+007       1.3685 Thu Jun 02 04:32:07 2022
  4.026e+007      0.42659            0  2.0037e+007        1.373 Thu Jun 02 04:33:07 2022
 3.9907e+007      0.43752            0  1.9943e+007       1.3597 Thu Jun 02 04:34:07 2022
 3.9787e+007      0.49278            0   1.995e+007       1.3593 Thu Jun 02 04:35:08 2022
 3.9957e+007      0.52343            0   1.994e+007       1.3676 Thu Jun 02 04:36:08 2022
  3.972e+007      0.41075            0  1.9897e+007       1.3234 Thu Jun 02 04:37:08 2022
 3.9653e+007      0.43275            0  1.9863e+007       1.3437 Thu Jun 02 04:38:08 2022
 3.9453e+007      0.52732            0  1.9803e+007       1.3443 Thu Jun 02 04:39:08 2022
 3.9587e+007      0.46512            0  1.9757e+007        1.321 Thu Jun 02 04:40:09 2022
  3.947e+007      0.48959            0  1.9597e+007       1.3193 Thu Jun 02 04:41:09 2022
 3.9463e+007      0.45914            0  1.9617e+007        1.297 Thu Jun 02 04:42:09 2022
 3.9143e+007      0.45925            0  1.9473e+007       1.3381 Thu Jun 02 04:43:09 2022
 3.9317e+007      0.51377            0   1.974e+007       1.3003 Thu Jun 02 04:44:09 2022
 3.9213e+007       0.4871            0  1.9603e+007          1.3 Thu Jun 02 04:45:10 2022
 4.7727e+007      -0.3657            0  2.3813e+007      0.30157 Thu Jun 02 05:47:40 2022
 4.6133e+007    -0.030203            0  2.2953e+007      0.68186 Thu Jun 02 05:48:40 2022
 4.5367e+007     0.010473            0  2.2627e+007      0.70822 Thu Jun 02 05:49:41 2022
  4.471e+007     0.028027            0  2.2267e+007      0.75633 Thu Jun 02 05:50:41 2022
 4.4767e+007     0.029953            0  2.2383e+007      0.73834 Thu Jun 02 05:51:41 2022
  4.455e+007      0.00746            0  2.2273e+007      0.72837 Thu Jun 02 05:52:41 2022
 4.4573e+007    0.0079267            0  2.2307e+007      0.72707 Thu Jun 02 05:53:41 2022
 4.4617e+007     0.072657            0   2.236e+007       0.7314 Thu Jun 02 05:54:41 2022
 4.4433e+007     0.064747            0   2.215e+007      0.74114 Thu Jun 02 05:55:42 2022
 4.4387e+007     0.020327            0  2.2147e+007      0.73737 Thu Jun 02 05:56:42 2022
 4.4243e+007      0.05206            0  2.2233e+007      0.73116 Thu Jun 02 05:57:42 2022
 4.4593e+007     0.042867            0  2.2057e+007      0.75672 Thu Jun 02 05:58:42 2022
  4.431e+007      0.03221            0  2.2243e+007      0.76284 Thu Jun 02 05:59:42 2022
 4.4077e+007     0.013197            0   2.192e+007      0.73375 Thu Jun 02 06:00:43 2022
  4.385e+007     0.056167            0  2.1967e+007      0.73099 Thu Jun 02 06:01:43 2022
 4.3853e+007     0.014363            0  2.1777e+007      0.74997 Thu Jun 02 06:02:43 2022
 4.4047e+007     0.082677            0   2.195e+007      0.76924 Thu Jun 02 06:03:43 2022
  4.671e+007       -0.227            0  2.3333e+007      0.46637 Thu Jun 02 07:06:14 2022
 4.6563e+007     -0.20676            0  2.3137e+007      0.48555 Thu Jun 02 07:07:14 2022
  4.529e+007     -0.20469            0  2.2663e+007      0.49145 Thu Jun 02 07:08:14 2022
  4.577e+007      -0.1569            0   2.264e+007      0.48349 Thu Jun 02 07:09:14 2022
  4.527e+007     -0.19946            0  2.2717e+007      0.49236 Thu Jun 02 07:10:15 2022
 4.4813e+007     -0.17262            0  2.2403e+007      0.50847 Thu Jun 02 07:11:15 2022
 4.4847e+007     -0.13565            0  2.2457e+007      0.50151 Thu Jun 02 07:12:15 2022
 4.4993e+007     -0.16228            0  2.2577e+007      0.51995 Thu Jun 02 07:13:15 2022
 4.4567e+007     -0.17913            0   2.229e+007      0.52409 Thu Jun 02 07:14:15 2022
 4.4693e+007      -0.1278            0  2.2497e+007      0.51823 Thu Jun 02 07:15:16 2022
 4.4727e+007     -0.11019            0  2.2277e+007      0.53307 Thu Jun 02 07:16:16 2022
 4.4767e+007     -0.10411            0   2.243e+007      0.52823 Thu Jun 02 07:17:16 2022
 4.4437e+007     -0.11657            0  2.2237e+007      0.53377 Thu Jun 02 07:18:16 2022
 4.4737e+007     -0.10092            0   2.236e+007      0.55686 Thu Jun 02 07:19:16 2022
 4.4247e+007     -0.10527            0  2.2117e+007      0.57598 Thu Jun 02 07:20:16 2022
  4.436e+007     -0.13005            0   2.212e+007      0.56558 Thu Jun 02 07:21:17 2022
  4.438e+007     -0.12196            0   2.209e+007      0.58639 Thu Jun 02 07:22:17 2022
 4.4433e+007     -0.08184            0   2.208e+007      0.54138 Thu Jun 02 07:23:17 2022
 4.5247e+007     -0.01334            0  2.2723e+007      0.62476 Thu Jun 02 08:25:48 2022
 4.6837e+007     -0.22847            0   2.345e+007      0.44213 Thu Jun 02 08:26:48 2022
 4.6367e+007     -0.20008            0   2.327e+007      0.47133 Thu Jun 02 08:27:48 2022
 4.6283e+007     -0.19723            0  2.3193e+007      0.47809 Thu Jun 02 08:28:48 2022
 4.6557e+007      -0.1472            0  2.3243e+007      0.49107 Thu Jun 02 08:29:48 2022
 4.6353e+007      -0.1413            0  2.3013e+007      0.50105 Thu Jun 02 08:30:49 2022
 4.6067e+007     -0.19168            0  2.3027e+007      0.50153 Thu Jun 02 08:31:49 2022
 4.6127e+007     -0.13431            0   2.318e+007      0.50268 Thu Jun 02 08:32:49 2022
 4.5657e+007     -0.19194            0   2.287e+007      0.51619 Thu Jun 02 08:33:49 2022
 4.6023e+007     -0.15435            0  2.2813e+007      0.51262 Thu Jun 02 08:34:49 2022
  4.585e+007     -0.13683            0   2.285e+007      0.51288 Thu Jun 02 08:35:50 2022
 4.5763e+007     -0.16068            0   2.279e+007      0.50885 Thu Jun 02 08:36:50 2022
 4.5757e+007     -0.13288            0  2.2873e+007      0.51642 Thu Jun 02 08:37:50 2022
 4.5383e+007     -0.17735            0  2.2503e+007      0.53646 Thu Jun 02 08:38:50 2022
 4.5343e+007     -0.16914            0   2.276e+007      0.53369 Thu Jun 02 08:39:50 2022
 4.5257e+007     -0.11543            0  2.2633e+007       0.5352 Thu Jun 02 08:40:50 2022
 4.5053e+007      -0.1461            0   2.252e+007      0.56128 Thu Jun 02 08:41:51 2022
