 1.0063e+005      -8.1016            0        48233      -4.2752 Wed Jun 01 14:00:18 2022
       97100      -8.3786            0        48533      -4.2354 Wed Jun 01 14:01:18 2022
       95600      -8.4955            0        48167      -4.2804 Wed Jun 01 14:02:18 2022
       98633      -8.2477            0        51700      -4.0078 Wed Jun 01 14:03:18 2022
       99667       -8.166            0        49100      -4.1933 Wed Jun 01 14:04:19 2022
       95000      -8.6219            0        47733      -4.3191 Wed Jun 01 14:05:19 2022
       92433      -8.8322            0        47000      -4.4032 Wed Jun 01 14:06:19 2022
       98867      -8.2381            0        47333      -4.3586 Wed Jun 01 14:07:19 2022
       95833      -8.4802            0        48933      -4.2338 Wed Jun 01 14:08:19 2022
       97400      -8.3347            0        45467      -4.5423 Wed Jun 01 14:09:20 2022
       98067      -8.2923            0        47567      -4.3468 Wed Jun 01 14:10:20 2022
 1.0527e+005      -7.7308            0        49200       -4.204 Wed Jun 01 14:11:20 2022
       98167       -8.285            0        48067      -4.3104 Wed Jun 01 14:12:20 2022
 1.0127e+005      -8.0219            0        49200      -4.2018 Wed Jun 01 14:13:20 2022
 1.0253e+005      -7.9066            0        54300      -3.7796 Wed Jun 01 14:14:20 2022
       98400      -8.2724            0        49333       -4.175 Wed Jun 01 14:15:21 2022
 1.0243e+005      -7.9428            0        52267      -3.9323 Wed Jun 01 14:16:21 2022
  1.151e+005      -7.0103            0        55300      -3.7251 Wed Jun 01 15:18:52 2022
 1.1513e+005      -7.0478            0        62200      -3.2994 Wed Jun 01 15:19:52 2022
 1.1687e+005      -6.8744            0        58267      -3.5424 Wed Jun 01 15:20:52 2022
 1.1213e+005       -7.249            0        57833       -3.561 Wed Jun 01 15:21:52 2022
  1.199e+005      -6.7566            0        57967      -3.5414 Wed Jun 01 15:22:52 2022
 1.1913e+005      -6.7764            0        58500      -3.5402 Wed Jun 01 15:23:52 2022
 1.0817e+005      -7.4911            0        54433      -3.7533 Wed Jun 01 15:24:53 2022
 1.1287e+005      -7.2185            0        54133       -3.795 Wed Jun 01 15:25:53 2022
 1.1077e+005      -7.3171            0        55067      -3.7193 Wed Jun 01 15:26:53 2022
 1.1953e+005      -6.8006            0        62067      -3.3428 Wed Jun 01 15:27:53 2022
  1.212e+005       -6.687            0        61867      -3.3223 Wed Jun 01 15:28:53 2022
 1.1317e+005      -7.1109            0        60633      -3.3802 Wed Jun 01 15:29:54 2022
  1.119e+005      -7.2434            0        58800      -3.4869 Wed Jun 01 15:30:54 2022
 1.1483e+005      -7.0763            0        58033       -3.548 Wed Jun 01 15:31:54 2022
 1.1303e+005      -7.2003            0        56200      -3.6615 Wed Jun 01 15:32:54 2022
 1.1347e+005      -7.1302            0        58500      -3.5004 Wed Jun 01 15:33:54 2022
   1.22e+005      -6.5946            0        55367      -3.7044 Wed Jun 01 15:34:55 2022
  1.161e+005      -7.0002            0        54567      -3.7432 Wed Jun 01 16:37:25 2022
  1.201e+005      -6.7165            0        64500      -3.1665 Wed Jun 01 16:38:25 2022
 1.1397e+005      -7.0338            0        56100      -3.6335 Wed Jun 01 16:39:26 2022
  1.139e+005      -7.0859            0        58800      -3.4535 Wed Jun 01 16:40:26 2022
 1.2023e+005      -6.6749            0        59300      -3.4032 Wed Jun 01 16:41:26 2022
 1.2473e+005      -6.4254            0        63000       -3.227 Wed Jun 01 16:42:26 2022
 1.2177e+005      -6.5632            0        63167       -3.231 Wed Jun 01 16:43:26 2022
 1.3347e+005      -6.0393            0        69600       -2.895 Wed Jun 01 16:44:26 2022
  1.214e+005      -6.6058            0        57533       -3.547 Wed Jun 01 16:45:27 2022
  1.133e+005      -7.1447            0        58467      -3.4599 Wed Jun 01 16:46:27 2022
 1.2197e+005      -6.5816            0        64433      -3.1505 Wed Jun 01 16:47:27 2022
 1.3523e+005      -5.9034            0        63767      -3.2121 Wed Jun 01 16:48:27 2022
 1.3467e+005      -5.9777            0        66133      -3.0914 Wed Jun 01 16:49:27 2022
 1.2357e+005      -6.4636            0        67133      -3.0218 Wed Jun 01 16:50:28 2022
 1.2763e+005      -6.3092            0        57833      -3.5285 Wed Jun 01 16:51:28 2022
 1.2617e+005       -6.374            0        60033      -3.4468 Wed Jun 01 16:52:28 2022
 1.3627e+005      -5.9444            0        66233      -3.1009 Wed Jun 01 16:53:28 2022
 1.3403e+005      -6.0337            0        58133      -3.5373 Wed Jun 01 16:54:28 2022
  1.456e+005      -5.4265            0        65633      -3.0328 Wed Jun 01 17:56:59 2022
  1.481e+005      -5.4025            0        53733      -3.8072 Wed Jun 01 17:57:59 2022
 1.1837e+005       -6.805            0        67400       -3.035 Wed Jun 01 17:58:59 2022
 1.4443e+005      -5.5384            0        59800       -3.398 Wed Jun 01 18:00:00 2022
  1.338e+005      -6.0338            0        56300      -3.6626 Wed Jun 01 18:01:00 2022
 1.4667e+005      -5.3932            0        63133      -3.2344 Wed Jun 01 18:02:00 2022
  1.366e+005      -5.8883            0        73833      -2.7562 Wed Jun 01 18:03:00 2022
 1.3733e+005      -5.8669            0        68467      -3.0241 Wed Jun 01 18:04:00 2022
  1.257e+005      -6.4353            0        71767      -2.8243 Wed Jun 01 18:05:01 2022
  1.241e+005      -6.4739            0        60833      -3.3767 Wed Jun 01 18:06:01 2022
  1.284e+005      -6.1945            0        60300      -3.3851 Wed Jun 01 18:07:01 2022
 1.2827e+005      -6.3392            0        59900      -3.3751 Wed Jun 01 18:08:01 2022
 1.4343e+005      -5.6104            0        67200      -2.9776 Wed Jun 01 18:09:01 2022
 1.2477e+005      -6.4032            0        51100       -4.013 Wed Jun 01 18:10:01 2022
 1.2183e+005      -6.5902            0        64833      -3.1201 Wed Jun 01 18:11:02 2022
  1.212e+005      -6.5891            0        60267       -3.399 Wed Jun 01 18:12:02 2022
  1.171e+005      -6.9548            0        71500      -2.8207 Wed Jun 01 18:13:02 2022
 1.5337e+005      -5.2175            0        74967      -2.6878 Wed Jun 01 19:15:33 2022
 1.1657e+005      -7.5423            0        65800      -3.0947 Wed Jun 01 19:16:33 2022
 1.1427e+005      -7.0583            0        67633      -2.9496 Wed Jun 01 19:17:33 2022
 1.3683e+005      -5.9821            0        73833      -2.7551 Wed Jun 01 19:18:33 2022
 1.3717e+005      -5.8006            0        68033       -2.983 Wed Jun 01 19:19:33 2022
  1.344e+005      -5.9162            0        63933      -3.2265 Wed Jun 01 19:20:34 2022
 1.1837e+005      -7.0006            0        59300      -3.3694 Wed Jun 01 19:21:34 2022
 1.4153e+005      -5.5933            0        68033      -2.9596 Wed Jun 01 19:22:34 2022
 1.3387e+005      -6.0433            0        66833      -3.0645 Wed Jun 01 19:23:34 2022
 1.2883e+005      -6.1055            0        47567      -4.2319 Wed Jun 01 19:24:34 2022
 1.4093e+005      -5.7039            0        50233      -4.0445 Wed Jun 01 19:25:35 2022
 1.3337e+005      -5.9699            0        73867      -2.7413 Wed Jun 01 19:26:35 2022
 1.4323e+005       -5.843            0        68700      -2.9681 Wed Jun 01 19:27:35 2022
  1.225e+005      -6.6196            0        68367      -2.9823 Wed Jun 01 19:28:35 2022
  1.078e+005      -7.4459            0        48700      -4.1487 Wed Jun 01 19:29:35 2022
 1.2817e+005      -6.2208            0        72700      -2.7548 Wed Jun 01 19:30:35 2022
 1.4023e+005      -5.8425            0        64967      -3.1516 Wed Jun 01 19:31:36 2022
  1.421e+005      -5.7481            0        57167      -3.5475 Wed Jun 01 19:32:36 2022
 1.3643e+005      -5.9446            0        94800      -2.0244 Wed Jun 01 20:35:06 2022
 1.3643e+005      -5.7916            0        63567       -3.244 Wed Jun 01 20:36:07 2022
  1.165e+005      -6.6503            0        56933      -3.5119 Wed Jun 01 20:37:07 2022
 1.5167e+005      -5.4036            0        73767      -2.7356 Wed Jun 01 20:38:07 2022
 1.2837e+005      -6.3456            0        46700      -4.1825 Wed Jun 01 20:39:07 2022
   1.61e+005      -5.0504            0        50267      -3.9743 Wed Jun 01 20:40:07 2022
 1.0993e+005      -7.4053            0        66500      -3.0161 Wed Jun 01 20:41:08 2022
 1.3147e+005      -6.1969            0        74767       -2.689 Wed Jun 01 20:42:08 2022
       94067      -8.6872            0        70400      -2.8057 Wed Jun 01 20:43:08 2022
 1.2493e+005      -6.6087            0        62933       -3.207 Wed Jun 01 20:44:08 2022
 1.4043e+005      -5.5734            0        69333       -2.878 Wed Jun 01 20:45:08 2022
 1.0447e+005      -7.9044            0        74300      -2.7509 Wed Jun 01 20:46:09 2022
 1.1263e+005      -7.2187            0        69467      -2.9134 Wed Jun 01 20:47:09 2022
 1.3383e+005      -5.8585            0        59600      -3.4557 Wed Jun 01 20:48:09 2022
  1.382e+005      -5.9685            0        57300      -3.4918 Wed Jun 01 20:49:09 2022
  1.205e+005      -6.5962            0        58233      -3.5205 Wed Jun 01 20:50:09 2022
 1.1987e+005      -6.7282            0        57200      -3.5375 Wed Jun 01 20:51:09 2022
 1.4783e+005      -5.3245            0        70533      -2.8772 Wed Jun 01 21:53:40 2022
 1.2863e+005      -6.2441            0        67333      -3.0178 Wed Jun 01 21:54:40 2022
   1.35e+005      -5.9052            0        66900      -3.0653 Wed Jun 01 21:55:41 2022
 1.2007e+005      -6.7082            0        77967      -2.5983 Wed Jun 01 21:56:41 2022
 1.3427e+005      -5.9687            0        68367      -2.9838 Wed Jun 01 21:57:41 2022
 1.2863e+005      -6.2508            0        58000      -3.4965 Wed Jun 01 21:58:41 2022
 1.3337e+005      -6.0447            0        70467      -2.8252 Wed Jun 01 21:59:41 2022
  1.477e+005      -5.3648            0        73267      -2.7816 Wed Jun 01 22:00:41 2022
  1.399e+005      -5.7096            0        71700      -2.8247 Wed Jun 01 22:01:42 2022
 1.3037e+005      -6.1301            0        67633      -2.9456 Wed Jun 01 22:02:42 2022
 1.4103e+005      -5.6405            0        70433      -2.8433 Wed Jun 01 22:03:42 2022
 1.4447e+005      -5.5079            0        65333      -3.0684 Wed Jun 01 22:04:42 2022
 1.3327e+005       -5.984            0        60400       -3.368 Wed Jun 01 22:05:42 2022
  1.275e+005       -6.384            0        65767      -3.0321 Wed Jun 01 22:06:43 2022
 1.3777e+005      -5.7281            0        71233      -2.8054 Wed Jun 01 22:07:43 2022
 1.3303e+005      -6.0039            0        68733      -2.9417 Wed Jun 01 22:08:43 2022
 1.4027e+005      -5.6537            0        64767      -3.0857 Wed Jun 01 22:09:43 2022
 1.3953e+005        -5.72            0        71933      -2.7959 Wed Jun 01 22:10:43 2022
 1.5137e+005      -5.2629            0        67367      -3.0256 Wed Jun 01 23:13:14 2022
 1.4527e+005      -5.5091            0        72600      -2.8029 Wed Jun 01 23:14:14 2022
 1.3783e+005      -5.7511            0        59033      -3.4225 Wed Jun 01 23:15:14 2022
  1.392e+005      -5.6444            0        72200      -2.8423 Wed Jun 01 23:16:15 2022
 1.2333e+005      -6.5452            0        68633      -2.9328 Wed Jun 01 23:17:15 2022
 1.4267e+005      -5.6491            0        63933      -3.1526 Wed Jun 01 23:18:15 2022
  1.235e+005      -6.4262            0        57867      -3.5178 Wed Jun 01 23:19:15 2022
 1.4227e+005       -5.622            0        69767      -2.8795 Wed Jun 01 23:20:15 2022
  1.327e+005      -6.0953            0        61967       -3.339 Wed Jun 01 23:21:15 2022
 1.2377e+005      -6.3964            0        70333      -2.8885 Wed Jun 01 23:22:16 2022
  1.409e+005      -5.6049            0        63467       -3.214 Wed Jun 01 23:23:16 2022
  1.359e+005      -6.1931            0        55533      -3.6405 Wed Jun 01 23:24:16 2022
 1.3333e+005      -6.0534            0        66367      -3.0816 Wed Jun 01 23:25:16 2022
 1.3403e+005       -6.007            0        63233      -3.1589 Wed Jun 01 23:26:16 2022
  1.314e+005      -6.0216            0        77167      -2.6017 Wed Jun 01 23:27:17 2022
  1.348e+005      -5.9907            0        54267      -3.7413 Wed Jun 01 23:28:17 2022
 1.2973e+005      -6.2087            0        56600      -3.6199 Wed Jun 01 23:29:17 2022
 1.1963e+005      -6.9697            0        82200      -2.3885 Thu Jun 02 00:31:48 2022
 1.1603e+005      -7.1467            0        68800      -2.9285 Thu Jun 02 00:32:48 2022
 1.3463e+005      -6.0028            0        80433      -2.5366 Thu Jun 02 00:33:48 2022
 1.1843e+005      -6.8132            0        69000      -2.9236 Thu Jun 02 00:34:48 2022
 1.4947e+005      -5.5019            0        48333      -4.2384 Thu Jun 02 00:35:48 2022
       99900      -8.2003            0        67433      -2.9792 Thu Jun 02 00:36:49 2022
 1.4377e+005      -5.4428            0        54000      -3.7949 Thu Jun 02 00:37:49 2022
 1.1857e+005      -6.7648            0        79167      -2.5991 Thu Jun 02 00:38:49 2022
 1.4183e+005      -5.7614            0        82267      -2.4727 Thu Jun 02 00:39:49 2022
 1.4973e+005      -5.1572            0        82667      -2.4513 Thu Jun 02 00:40:49 2022
  1.172e+005      -6.8628            0        58600      -3.4471 Thu Jun 02 00:41:49 2022
  1.129e+005      -7.0722            0        69500      -2.8758 Thu Jun 02 00:42:50 2022
 1.4557e+005      -5.4686            0        54333      -3.7103 Thu Jun 02 00:43:50 2022
 1.2373e+005       -6.478            0        69500      -2.8535 Thu Jun 02 00:44:50 2022
  1.309e+005      -6.1669            0        68600      -2.8351 Thu Jun 02 00:45:50 2022
 1.1457e+005      -7.1335            0        63333      -3.1845 Thu Jun 02 00:46:50 2022
 1.6607e+005      -4.7526            0        60667      -3.2985 Thu Jun 02 00:47:51 2022
 1.3527e+005      -5.8646            0        87800      -2.3125 Thu Jun 02 00:48:51 2022
 1.3933e+005      -5.7243            0        71800        -2.86 Thu Jun 02 01:51:21 2022
 1.4543e+005      -5.5336            0        66100      -3.0259 Thu Jun 02 01:52:22 2022
   1.24e+005      -6.4628            0        73300      -2.7596 Thu Jun 02 01:53:22 2022
 1.2783e+005      -6.2991            0        82333      -2.4348 Thu Jun 02 01:54:22 2022
  1.331e+005      -6.0574            0        64067      -3.1377 Thu Jun 02 01:55:22 2022
  1.505e+005      -5.3057            0        66967      -2.9383 Thu Jun 02 01:56:22 2022
 1.3617e+005      -5.8303            0        62833      -3.2512 Thu Jun 02 01:57:23 2022
  1.347e+005      -5.9936            0        70367      -2.8296 Thu Jun 02 01:58:23 2022
 1.3567e+005      -5.8345            0        66933      -3.0326 Thu Jun 02 01:59:23 2022
 1.2623e+005      -6.3609            0        60233      -3.4056 Thu Jun 02 02:00:23 2022
 1.4557e+005      -5.4795            0        68867      -2.9196 Thu Jun 02 02:01:23 2022
 1.3843e+005      -5.7647            0        62500      -3.2443 Thu Jun 02 02:02:23 2022
  1.435e+005      -5.5512            0        62133      -3.2174 Thu Jun 02 02:03:24 2022
  1.228e+005      -6.5725            0        61400      -3.2577 Thu Jun 02 02:04:24 2022
 1.3453e+005      -6.0423            0        67900      -2.9763 Thu Jun 02 02:05:24 2022
 1.5047e+005      -5.2743            0        72600       -2.732 Thu Jun 02 02:06:24 2022
  1.315e+005      -6.1502            0        64600      -3.1394 Thu Jun 02 02:07:24 2022
 1.5197e+005      -5.3181            0        78900       -2.548 Thu Jun 02 03:09:55 2022
 1.0077e+005      -8.4998            0        69633      -2.9129 Thu Jun 02 03:10:55 2022
  1.415e+005      -5.6837            0        66633      -3.0936 Thu Jun 02 03:11:55 2022
  1.302e+005      -6.1439            0        68467      -2.9248 Thu Jun 02 03:12:56 2022
 1.2717e+005      -6.3242            0        75767      -2.6922 Thu Jun 02 03:13:56 2022
 1.2703e+005      -6.3351            0        67300      -3.0931 Thu Jun 02 03:14:56 2022
  1.484e+005      -5.3825            0        67200       -3.029 Thu Jun 02 03:15:56 2022
 1.2563e+005       -6.401            0        58767      -3.4671 Thu Jun 02 03:16:56 2022
 1.3707e+005      -5.8686            0        57600       -3.541 Thu Jun 02 03:17:57 2022
 1.3987e+005      -5.7409            0        69867      -2.8737 Thu Jun 02 03:18:57 2022
 1.3533e+005      -5.9203            0        62267      -3.2816 Thu Jun 02 03:19:57 2022
  1.363e+005      -5.8947            0        64867      -3.1311 Thu Jun 02 03:20:57 2022
  1.284e+005      -6.2476            0        68900       -2.926 Thu Jun 02 03:21:57 2022
 1.3523e+005      -5.9654            0        65233      -3.0769 Thu Jun 02 03:22:57 2022
  1.413e+005      -5.6895            0        63367      -3.1921 Thu Jun 02 03:23:58 2022
  1.318e+005      -6.1066            0        59967      -3.4138 Thu Jun 02 03:24:58 2022
   1.31e+005      -6.1155            0        65600      -3.0802 Thu Jun 02 03:25:58 2022
 1.2887e+005      -6.2693            0        53533      -3.8284 Thu Jun 02 04:28:29 2022
  1.232e+005      -6.6467            0        58167        -3.49 Thu Jun 02 04:29:29 2022
  1.281e+005      -6.3751            0        59000      -3.4123 Thu Jun 02 04:30:29 2022
 1.3437e+005      -6.0699            0        67133      -3.0651 Thu Jun 02 04:31:29 2022
 1.2733e+005      -6.5418            0        61567      -3.2922 Thu Jun 02 04:32:29 2022
  1.303e+005      -6.3271            0        51367      -3.9986 Thu Jun 02 04:33:30 2022
  1.301e+005      -6.1901            0        60400      -3.3495 Thu Jun 02 04:34:30 2022
 1.1767e+005      -6.8499            0        64100      -3.1979 Thu Jun 02 04:35:30 2022
 1.0747e+005      -7.5691            0        56333      -3.7444 Thu Jun 02 04:36:30 2022
 1.2073e+005      -6.9057            0        55633      -3.6747 Thu Jun 02 04:37:30 2022
  1.091e+005      -7.4069            0        65300      -3.1605 Thu Jun 02 04:38:31 2022
  1.308e+005      -6.1335            0        73000      -2.7626 Thu Jun 02 04:39:31 2022
 1.2813e+005      -6.2953            0        50900      -3.9903 Thu Jun 02 04:40:31 2022
    1.5e+005      -5.2587            0        79733      -2.5765 Thu Jun 02 04:41:31 2022
 1.1103e+005      -7.4309            0        66867       -3.129 Thu Jun 02 04:42:31 2022
  1.251e+005      -6.4735            0        78800      -2.5966 Thu Jun 02 04:43:31 2022
 1.5197e+005       -5.385            0        67733      -2.9934 Thu Jun 02 04:44:32 2022
 1.2207e+005      -6.7444            0        83600      -2.4224 Thu Jun 02 04:45:32 2022
   1.15e+005      -7.0795            0        52067      -3.8274 Thu Jun 02 05:48:03 2022
  1.408e+005      -5.6717            0        57733      -3.5454 Thu Jun 02 05:49:03 2022
  1.154e+005      -6.9403            0        74233      -2.7949 Thu Jun 02 05:50:03 2022
 1.2623e+005      -6.5737            0        56467      -3.6382 Thu Jun 02 05:51:03 2022
   1.36e+005      -5.9989            0        63133       -3.273 Thu Jun 02 05:52:03 2022
   1.46e+005      -5.3025            0        62833      -3.2777 Thu Jun 02 05:53:03 2022
 1.3977e+005      -5.7087            0        82167      -2.4774 Thu Jun 02 05:54:04 2022
  1.242e+005      -6.2377            0        65500       -3.072 Thu Jun 02 05:55:04 2022
  1.457e+005      -5.4886            0        64900      -3.1333 Thu Jun 02 05:56:04 2022
  1.227e+005       -6.579            0        64533      -3.2004 Thu Jun 02 05:57:04 2022
 1.2403e+005      -6.9629            0        58833      -3.5846 Thu Jun 02 05:58:04 2022
 1.2923e+005      -6.4295            0        79000      -2.4253 Thu Jun 02 05:59:05 2022
 1.3443e+005      -5.9041            0        85667      -2.3304 Thu Jun 02 06:00:05 2022
 1.4227e+005      -5.8113            0        84467      -2.4119 Thu Jun 02 06:01:05 2022
 1.5177e+005      -5.3707            0        81600      -2.5109 Thu Jun 02 06:02:05 2022
  1.389e+005      -5.9755            0        87467      -2.2821 Thu Jun 02 06:03:05 2022
  1.052e+005      -8.4357            0        89933      -2.2198 Thu Jun 02 06:04:05 2022
 1.3663e+005       -5.877            0        54000      -3.7309 Thu Jun 02 07:06:36 2022
 1.1603e+005      -7.0567            0        67067      -3.0242 Thu Jun 02 07:07:36 2022
 1.2703e+005      -6.4163            0        55500       -3.587 Thu Jun 02 07:08:37 2022
   1.58e+005      -5.4561            0        70867       -2.747 Thu Jun 02 07:09:37 2022
 1.4427e+005      -5.6281            0        47533      -4.1796 Thu Jun 02 07:10:37 2022
       95733      -8.4193            0        48400      -4.2183 Thu Jun 02 07:11:37 2022
  1.151e+005      -7.2848            0        61500       -3.329 Thu Jun 02 07:12:37 2022
 1.1777e+005      -7.8117            0        69833      -2.9067 Thu Jun 02 07:13:37 2022
 1.7747e+005      -4.5737            0        65200      -3.0613 Thu Jun 02 07:14:38 2022
  1.332e+005      -6.0708            0        70200      -2.8668 Thu Jun 02 07:15:38 2022
 1.3813e+005      -5.7331            0        89233      -2.2645 Thu Jun 02 07:16:38 2022
       99767      -8.0063            0        62133      -3.1836 Thu Jun 02 07:17:38 2022
  1.007e+005      -8.3697            0        88800      -2.2327 Thu Jun 02 07:18:38 2022
 1.2193e+005       -7.163            0        67400      -2.9533 Thu Jun 02 07:19:39 2022
  1.408e+005      -5.5455            0        95767      -2.0542 Thu Jun 02 07:20:39 2022
   1.56e+005        -5.14            0        93567      -2.1555 Thu Jun 02 07:21:39 2022
 1.0943e+005      -7.3228            0        71300      -2.9183 Thu Jun 02 07:22:39 2022
  1.071e+005      -7.7612            0        73100      -2.7339 Thu Jun 02 07:23:39 2022
  1.452e+005      -5.5284            0        79733      -2.4905 Thu Jun 02 08:26:10 2022
 1.4267e+005      -5.7224            0        55833      -3.5795 Thu Jun 02 08:27:10 2022
 1.2383e+005      -6.5146            0        51867      -4.0165 Thu Jun 02 08:28:10 2022
  1.261e+005      -6.3883            0        60200      -3.2775 Thu Jun 02 08:29:11 2022
  1.406e+005      -5.7852            0        63367       -3.198 Thu Jun 02 08:30:11 2022
  1.231e+005      -6.5665            0        71933      -2.7337 Thu Jun 02 08:31:11 2022
 1.4647e+005      -5.4419            0        84567      -2.3421 Thu Jun 02 08:32:11 2022
 1.3747e+005       -5.887            0        80433      -2.5062 Thu Jun 02 08:33:11 2022
  1.463e+005      -5.4017            0        73167      -2.7261 Thu Jun 02 08:34:11 2022
 1.3893e+005      -5.8046            0        66033      -2.9878 Thu Jun 02 08:35:12 2022
  1.398e+005      -5.6646            0        77800      -2.6101 Thu Jun 02 08:36:12 2022
 1.5033e+005      -5.2282            0        76733       -2.636 Thu Jun 02 08:37:12 2022
 1.4363e+005      -5.5357            0        69733      -2.8844 Thu Jun 02 08:38:12 2022
  1.756e+005      -4.5133            0        64333      -3.2323 Thu Jun 02 08:39:12 2022
 1.4367e+005      -5.5647            0        59300      -3.4329 Thu Jun 02 08:40:13 2022
 1.2253e+005       -6.406            0        48733      -4.1465 Thu Jun 02 08:41:13 2022
 1.4687e+005      -5.5445            0        55467      -3.5611 Thu Jun 02 08:42:13 2022
