 1.3957e+007       2.0682            0  7.0267e+006       2.6708 Wed Jun 01 14:00:04 2022
  1.502e+007       1.9637            0  7.5133e+006       2.2854 Wed Jun 01 14:01:04 2022
 1.5003e+007       1.9729            0  7.5267e+006       2.3201 Wed Jun 01 14:02:04 2022
 1.5017e+007       1.9524            0    7.55e+006       2.2989 Wed Jun 01 14:03:04 2022
  1.505e+007        1.928            0    7.54e+006       2.2892 Wed Jun 01 14:04:04 2022
  1.507e+007       1.9648            0    7.53e+006       2.2432 Wed Jun 01 14:05:05 2022
  1.491e+007       1.9279            0  7.4933e+006       2.3342 Wed Jun 01 14:06:05 2022
  1.494e+007       1.9154            0  7.5233e+006       2.2656 Wed Jun 01 14:07:05 2022
 1.4973e+007       1.9176            0  7.4967e+006       2.2538 Wed Jun 01 14:08:05 2022
  1.489e+007       1.8967            0  7.4867e+006        2.298 Wed Jun 01 14:09:05 2022
  1.495e+007        1.943            0  7.4433e+006       2.2871 Wed Jun 01 14:10:06 2022
  1.491e+007        1.932            0  7.4567e+006       2.2977 Wed Jun 01 14:11:06 2022
 1.4807e+007       1.9449            0  7.4167e+006       2.3122 Wed Jun 01 14:12:06 2022
 1.4793e+007       1.9157            0  7.3667e+006       2.2929 Wed Jun 01 14:13:06 2022
  1.489e+007       1.8941            0  7.4167e+006       2.2598 Wed Jun 01 14:14:06 2022
 1.4777e+007       1.9403            0  7.3733e+006       2.2882 Wed Jun 01 14:15:06 2022
  1.484e+007       1.8928            0    7.39e+006       2.2357 Wed Jun 01 14:16:07 2022
 1.3343e+007     -0.32797            0  6.7267e+006       0.3632 Wed Jun 01 15:18:37 2022
  1.342e+007      -0.3155            0    6.64e+006      0.35873 Wed Jun 01 15:19:38 2022
  1.344e+007       -0.306            0    6.68e+006       0.3692 Wed Jun 01 15:20:38 2022
 1.3373e+007      -0.2874            0  6.7533e+006       0.3756 Wed Jun 01 15:21:38 2022
 1.3503e+007     -0.28333            0  6.7033e+006       0.3824 Wed Jun 01 15:22:38 2022
 1.3457e+007      -0.2747            0    6.78e+006      0.38697 Wed Jun 01 15:23:38 2022
 1.3507e+007      -0.2627            0    6.73e+006      0.38743 Wed Jun 01 15:24:38 2022
 1.3467e+007     -0.25813            0  6.7633e+006      0.39233 Wed Jun 01 15:25:39 2022
  1.351e+007     -0.25083            0  6.8033e+006      0.39193 Wed Jun 01 15:26:39 2022
  1.353e+007     -0.24057            0    6.74e+006       0.4042 Wed Jun 01 15:27:39 2022
  1.359e+007      -0.2406            0  6.8433e+006       0.4089 Wed Jun 01 15:28:39 2022
 1.3587e+007     -0.22167            0    6.75e+006      0.41007 Wed Jun 01 15:29:39 2022
 1.3603e+007      -0.2189            0  6.7967e+006      0.41807 Wed Jun 01 15:30:40 2022
  1.359e+007      -0.2111            0  6.8533e+006      0.41773 Wed Jun 01 15:31:40 2022
  1.357e+007      -0.2066            0    6.75e+006      0.41853 Wed Jun 01 15:32:40 2022
 1.3593e+007     -0.20317            0  6.7767e+006      0.42457 Wed Jun 01 15:33:40 2022
  1.364e+007     -0.20333            0    6.81e+006      0.43393 Wed Jun 01 15:34:40 2022
 1.2973e+007      -0.4087            0    6.45e+006      0.27153 Wed Jun 01 16:37:11 2022
 1.3003e+007     -0.39375            0    6.45e+006      0.28423 Wed Jun 01 16:38:11 2022
 1.3013e+007     -0.38607            0    6.49e+006      0.28483 Wed Jun 01 16:39:11 2022
 1.2973e+007     -0.36853            0  6.4967e+006       0.2999 Wed Jun 01 16:40:12 2022
  1.298e+007     -0.37393            0  6.5133e+006      0.29283 Wed Jun 01 16:41:12 2022
  1.302e+007     -0.35893            0  6.4433e+006      0.29437 Wed Jun 01 16:42:12 2022
 1.3007e+007      -0.3637            0  6.4833e+006      0.30213 Wed Jun 01 16:43:12 2022
 1.3023e+007     -0.35453            0    6.46e+006      0.30053 Wed Jun 01 16:44:12 2022
 1.3073e+007     -0.34747            0  6.5433e+006      0.30477 Wed Jun 01 16:45:12 2022
 1.3113e+007      -0.3445            0  6.5467e+006      0.30267 Wed Jun 01 16:46:13 2022
 1.3047e+007     -0.33887            0  6.4967e+006       0.3108 Wed Jun 01 16:47:13 2022
  1.309e+007     -0.33237            0  6.5267e+006      0.31917 Wed Jun 01 16:48:13 2022
 1.3113e+007     -0.33043            0  6.5067e+006        0.322 Wed Jun 01 16:49:13 2022
  1.308e+007      -0.3214            0  6.5333e+006      0.32823 Wed Jun 01 16:50:13 2022
  1.316e+007     -0.31663            0  6.5167e+006      0.32743 Wed Jun 01 16:51:14 2022
  1.313e+007     -0.31107            0    6.57e+006      0.33357 Wed Jun 01 16:52:14 2022
 1.3133e+007      -0.3086            0  6.5467e+006      0.33637 Wed Jun 01 16:53:14 2022
 1.3137e+007     -0.30803            0    6.57e+006      0.34427 Wed Jun 01 16:54:14 2022
 1.2897e+007     -0.39083            0  6.4167e+006       0.2599 Wed Jun 01 17:56:45 2022
  1.301e+007     -0.37427            0  6.4733e+006      0.25673 Wed Jun 01 17:57:45 2022
  1.301e+007      -0.3755            0    6.55e+006      0.25523 Wed Jun 01 17:58:45 2022
  1.294e+007     -0.42453            0    6.45e+006        0.242 Wed Jun 01 17:59:45 2022
 1.2923e+007     -0.42223            0    6.43e+006      0.23327 Wed Jun 01 18:00:46 2022
 1.2947e+007     -0.40497            0    6.45e+006      0.24303 Wed Jun 01 18:01:46 2022
 1.2887e+007      -0.4098            0    6.44e+006       0.2468 Wed Jun 01 18:02:46 2022
 1.2953e+007     -0.41173            0  6.5067e+006      0.24417 Wed Jun 01 18:03:46 2022
 1.2967e+007      -0.4055            0  6.5167e+006      0.25083 Wed Jun 01 18:04:46 2022
  1.298e+007      -0.3971            0  6.4933e+006       0.2499 Wed Jun 01 18:05:46 2022
 1.3023e+007     -0.39403            0  6.5167e+006      0.25387 Wed Jun 01 18:06:47 2022
 1.2973e+007     -0.39267            0  6.4933e+006       0.2593 Wed Jun 01 18:07:47 2022
  1.289e+007     -0.38333            0  6.4733e+006      0.26193 Wed Jun 01 18:08:47 2022
 1.2913e+007     -0.39287            0     6.6e+006      0.25243 Wed Jun 01 18:09:47 2022
  1.297e+007      -0.3901            0    6.49e+006       0.2585 Wed Jun 01 18:10:47 2022
 1.3013e+007     -0.37707            0  6.4433e+006        0.249 Wed Jun 01 18:11:48 2022
  1.301e+007     -0.37733            0  6.5967e+006       0.2619 Wed Jun 01 18:12:48 2022
 1.2723e+007     -0.44501            0  6.3333e+006      0.20644 Wed Jun 01 19:15:18 2022
  1.266e+007     -0.44963            0  6.4233e+006      0.22052 Wed Jun 01 19:16:19 2022
 1.2697e+007     -0.44947            0  6.4033e+006      0.21091 Wed Jun 01 19:17:19 2022
  1.273e+007     -0.45163            0    6.43e+006      0.21145 Wed Jun 01 19:18:19 2022
  1.283e+007     -0.43097            0  6.4033e+006       0.2165 Wed Jun 01 19:19:19 2022
 1.2753e+007      -0.4287            0    6.38e+006      0.22407 Wed Jun 01 19:20:19 2022
 1.2733e+007     -0.42783            0  6.3033e+006      0.22673 Wed Jun 01 19:21:20 2022
 1.2757e+007     -0.41643            0  6.3767e+006      0.22932 Wed Jun 01 19:22:20 2022
 1.2727e+007     -0.42647            0  6.3767e+006      0.23537 Wed Jun 01 19:23:20 2022
  1.277e+007     -0.41287            0  6.4233e+006      0.22681 Wed Jun 01 19:24:20 2022
 1.2797e+007      -0.4067            0  6.3867e+006      0.24187 Wed Jun 01 19:25:20 2022
 1.2733e+007     -0.41803            0    6.42e+006      0.23323 Wed Jun 01 19:26:20 2022
 1.2797e+007     -0.40813            0  6.3833e+006       0.2388 Wed Jun 01 19:27:21 2022
 1.2703e+007     -0.40633            0  6.3133e+006      0.23813 Wed Jun 01 19:28:21 2022
  1.283e+007     -0.39373            0    6.42e+006      0.24537 Wed Jun 01 19:29:21 2022
  1.274e+007      -0.4146            0  6.4667e+006      0.24333 Wed Jun 01 19:30:21 2022
 1.2763e+007       -0.403            0     6.5e+006      0.24232 Wed Jun 01 19:31:21 2022
  1.279e+007      -0.3949            0  6.4267e+006      0.24468 Wed Jun 01 19:32:22 2022
  1.262e+007     -0.47756            0  6.3667e+006      0.19326 Wed Jun 01 20:34:52 2022
 1.2483e+007     -0.47593            0  6.2733e+006      0.17631 Wed Jun 01 20:35:52 2022
  1.264e+007     -0.46377            0  6.2133e+006      0.19842 Wed Jun 01 20:36:53 2022
  1.281e+007     -0.45693            0  6.3767e+006      0.19404 Wed Jun 01 20:37:53 2022
 1.2783e+007     -0.44197            0  6.2933e+006      0.19535 Wed Jun 01 20:38:53 2022
 1.2653e+007     -0.46713            0    6.41e+006      0.19881 Wed Jun 01 20:39:53 2022
 1.2633e+007      -0.4632            0  6.2267e+006      0.19921 Wed Jun 01 20:40:53 2022
 1.2737e+007     -0.43243            0     6.4e+006      0.21342 Wed Jun 01 20:41:54 2022
  1.271e+007     -0.45103            0  6.2767e+006      0.20229 Wed Jun 01 20:42:54 2022
 1.2767e+007      -0.4491            0  6.3733e+006      0.20294 Wed Jun 01 20:43:54 2022
  1.283e+007     -0.45377            0  6.4133e+006      0.20142 Wed Jun 01 20:44:54 2022
 1.2803e+007     -0.45103            0  6.3333e+006      0.19845 Wed Jun 01 20:45:54 2022
  1.275e+007     -0.45143            0  6.3367e+006       0.2045 Wed Jun 01 20:46:54 2022
 1.2787e+007      -0.4349            0    6.27e+006      0.20299 Wed Jun 01 20:47:55 2022
  1.281e+007     -0.44063            0  6.4433e+006      0.20498 Wed Jun 01 20:48:55 2022
   1.27e+007     -0.44023            0    6.38e+006      0.21464 Wed Jun 01 20:49:55 2022
  1.279e+007     -0.43073            0    6.33e+006      0.20109 Wed Jun 01 20:50:55 2022
 1.2477e+007     -0.49089            0    6.23e+006      0.17845 Wed Jun 01 21:53:26 2022
 1.2467e+007     -0.47636            0  6.2133e+006       0.1763 Wed Jun 01 21:54:26 2022
  1.247e+007     -0.47786            0     6.2e+006      0.17955 Wed Jun 01 21:55:26 2022
  1.252e+007     -0.46743            0  6.2333e+006      0.18805 Wed Jun 01 21:56:26 2022
 1.2513e+007     -0.46897            0  6.1967e+006      0.18348 Wed Jun 01 21:57:27 2022
  1.251e+007     -0.47123            0  6.2567e+006       0.1848 Wed Jun 01 21:58:27 2022
  1.253e+007      -0.4605            0    6.19e+006      0.18991 Wed Jun 01 21:59:27 2022
  1.245e+007     -0.48013            0  6.2967e+006      0.18759 Wed Jun 01 22:00:27 2022
 1.2453e+007      -0.4618            0  6.2733e+006       0.1882 Wed Jun 01 22:01:27 2022
 1.2683e+007     -0.45553            0    6.23e+006      0.18697 Wed Jun 01 22:02:28 2022
  1.262e+007     -0.45157            0  6.2467e+006       0.1961 Wed Jun 01 22:03:28 2022
 1.2533e+007     -0.45763            0  6.2833e+006      0.19164 Wed Jun 01 22:04:28 2022
 1.2547e+007      -0.4533            0    6.28e+006      0.18912 Wed Jun 01 22:05:28 2022
  1.251e+007      -0.4534            0  6.2767e+006      0.18911 Wed Jun 01 22:06:28 2022
 1.2633e+007     -0.44917            0    6.31e+006       0.1895 Wed Jun 01 22:07:28 2022
 1.2557e+007     -0.45703            0  6.3833e+006      0.19041 Wed Jun 01 22:08:29 2022
 1.2543e+007       -0.452            0    6.32e+006      0.18976 Wed Jun 01 22:09:29 2022
 1.2623e+007      -0.4459            0  6.2833e+006      0.19375 Wed Jun 01 22:10:29 2022
  1.268e+007     -0.45427            0    6.25e+006      0.19708 Wed Jun 01 23:13:00 2022
  1.263e+007     -0.46788            0  6.2833e+006      0.19959 Wed Jun 01 23:14:00 2022
  1.259e+007     -0.46188            0    6.42e+006      0.20487 Wed Jun 01 23:15:00 2022
 1.2673e+007      -0.4494            0  6.3633e+006      0.21251 Wed Jun 01 23:16:00 2022
 1.2647e+007     -0.45703            0  6.2833e+006      0.19759 Wed Jun 01 23:17:00 2022
 1.2687e+007      -0.4524            0    6.29e+006      0.20568 Wed Jun 01 23:18:01 2022
 1.2713e+007     -0.44763            0  6.4067e+006      0.21442 Wed Jun 01 23:19:01 2022
 1.2793e+007     -0.43363            0  6.3567e+006      0.21706 Wed Jun 01 23:20:01 2022
  1.272e+007     -0.43583            0     6.4e+006      0.22519 Wed Jun 01 23:21:01 2022
 1.2827e+007      -0.4349            0  6.3667e+006      0.21918 Wed Jun 01 23:22:01 2022
 1.2767e+007     -0.42987            0  6.2767e+006      0.21571 Wed Jun 01 23:23:02 2022
 1.2783e+007     -0.43713            0    6.41e+006       0.2233 Wed Jun 01 23:24:02 2022
 1.2693e+007     -0.44083            0    6.38e+006      0.21568 Wed Jun 01 23:25:02 2022
  1.275e+007      -0.4378            0    6.36e+006      0.22143 Wed Jun 01 23:26:02 2022
 1.2667e+007     -0.42943            0  6.2833e+006      0.22031 Wed Jun 01 23:27:02 2022
 1.2793e+007      -0.4318            0  6.3433e+006      0.22371 Wed Jun 01 23:28:03 2022
 1.2833e+007     -0.41613            0  6.3533e+006      0.22182 Wed Jun 01 23:29:03 2022
  1.268e+007     -0.46281            0    6.29e+006       0.2045 Thu Jun 02 00:31:33 2022
 1.2537e+007     -0.47675            0    6.38e+006      0.20624 Thu Jun 02 00:32:34 2022
 1.2627e+007     -0.45988            0  6.3267e+006      0.20709 Thu Jun 02 00:33:34 2022
 1.2897e+007     -0.45148            0  6.3967e+006      0.21221 Thu Jun 02 00:34:34 2022
 1.2847e+007      -0.4474            0  6.3367e+006      0.20664 Thu Jun 02 00:35:34 2022
 1.2687e+007     -0.46361            0  6.4067e+006      0.20428 Thu Jun 02 00:36:34 2022
  1.283e+007     -0.44453            0    6.44e+006      0.22413 Thu Jun 02 00:37:34 2022
 1.2923e+007      -0.4241            0    6.37e+006      0.20865 Thu Jun 02 00:38:35 2022
 1.2797e+007     -0.44257            0  6.3933e+006      0.21068 Thu Jun 02 00:39:35 2022
  1.271e+007      -0.4546            0  6.4833e+006      0.21918 Thu Jun 02 00:40:35 2022
 1.2813e+007     -0.43107            0    6.36e+006      0.20924 Thu Jun 02 00:41:35 2022
 1.2813e+007      -0.4434            0  6.4067e+006      0.22239 Thu Jun 02 00:42:35 2022
 1.2917e+007     -0.42467            0  6.3933e+006      0.21669 Thu Jun 02 00:43:36 2022
 1.2883e+007     -0.44083            0    6.42e+006      0.22443 Thu Jun 02 00:44:36 2022
 1.2843e+007     -0.42673            0  6.4167e+006      0.21862 Thu Jun 02 00:45:36 2022
   1.29e+007     -0.43387            0    6.46e+006       0.2247 Thu Jun 02 00:46:36 2022
  1.274e+007     -0.42633            0  6.3633e+006      0.21425 Thu Jun 02 00:47:36 2022
 1.2897e+007      -0.4217            0  6.4567e+006      0.22247 Thu Jun 02 00:48:37 2022
 1.2703e+007     -0.45868            0  6.3867e+006      0.18288 Thu Jun 02 01:51:07 2022
 1.2937e+007     -0.46676            0    6.37e+006      0.18181 Thu Jun 02 01:52:07 2022
 1.2797e+007     -0.48537            0  6.3833e+006      0.19135 Thu Jun 02 01:53:08 2022
 1.2983e+007     -0.42607            0  6.4133e+006      0.21703 Thu Jun 02 01:54:08 2022
  1.293e+007     -0.42817            0    6.37e+006      0.20857 Thu Jun 02 01:55:08 2022
  1.276e+007      -0.4373            0  6.4067e+006      0.21262 Thu Jun 02 01:56:08 2022
 1.2833e+007     -0.44997            0  6.4867e+006      0.21205 Thu Jun 02 01:57:08 2022
  1.291e+007      -0.4273            0  6.4267e+006      0.22153 Thu Jun 02 01:58:08 2022
 1.2857e+007        -0.43            0  6.3833e+006      0.21058 Thu Jun 02 01:59:09 2022
  1.288e+007      -0.4213            0  6.3533e+006      0.21732 Thu Jun 02 02:00:09 2022
   1.29e+007     -0.43257            0  6.4033e+006      0.21824 Thu Jun 02 02:01:09 2022
  1.301e+007     -0.42883            0    6.41e+006      0.22312 Thu Jun 02 02:02:09 2022
  1.295e+007     -0.42277            0    6.44e+006      0.21527 Thu Jun 02 02:03:09 2022
   1.29e+007     -0.43457            0  6.4167e+006      0.21799 Thu Jun 02 02:04:10 2022
 1.2947e+007     -0.41943            0  6.4333e+006      0.21832 Thu Jun 02 02:05:10 2022
  1.299e+007     -0.42393            0    6.45e+006      0.22823 Thu Jun 02 02:06:10 2022
 1.2903e+007       -0.402            0  6.4133e+006      0.23097 Thu Jun 02 02:07:10 2022
 1.2647e+007     -0.46195            0     6.3e+006      0.21079 Thu Jun 02 03:09:41 2022
  1.394e+007     -0.21197            0       7e+006       0.3503 Thu Jun 02 03:10:41 2022
  1.397e+007     -0.16453            0    6.97e+006      0.34963 Thu Jun 02 03:11:41 2022
 1.3597e+007     -0.36227            0    6.75e+006       0.2731 Thu Jun 02 03:12:41 2022
 1.3543e+007     -0.35453            0  6.7567e+006      0.26923 Thu Jun 02 03:13:42 2022
 1.3503e+007     -0.36347            0  6.8033e+006      0.27093 Thu Jun 02 03:14:42 2022
  1.359e+007     -0.34647            0     6.8e+006        0.277 Thu Jun 02 03:15:42 2022
 1.3653e+007     -0.32703            0  6.7967e+006      0.28837 Thu Jun 02 03:16:42 2022
  1.369e+007     -0.33897            0  6.8533e+006        0.296 Thu Jun 02 03:17:42 2022
   1.37e+007     -0.33157            0  6.8067e+006      0.30317 Thu Jun 02 03:18:43 2022
 1.3717e+007     -0.31133            0  6.8633e+006       0.3122 Thu Jun 02 03:19:43 2022
  1.376e+007     -0.31587            0  6.8333e+006       0.3098 Thu Jun 02 03:20:43 2022
 1.3877e+007      -0.3029            0    6.82e+006       0.3122 Thu Jun 02 03:21:43 2022
  1.376e+007     -0.30493            0    6.83e+006      0.31683 Thu Jun 02 03:22:43 2022
  1.378e+007     -0.29637            0  6.8867e+006       0.3218 Thu Jun 02 03:23:43 2022
 1.3773e+007     -0.30483            0    6.97e+006      0.32587 Thu Jun 02 03:24:44 2022
 1.3813e+007     -0.29027            0  6.9067e+006      0.32797 Thu Jun 02 03:25:44 2022
 1.3733e+007     -0.36997            0  6.7833e+006      0.28873 Thu Jun 02 04:28:14 2022
 1.8923e+007       0.2942            0    9.41e+006      0.57541 Thu Jun 02 04:29:15 2022
 1.8427e+007      0.26157            0  9.2033e+006      0.59016 Thu Jun 02 04:30:15 2022
  1.851e+007      0.26211            0    9.17e+006      0.60501 Thu Jun 02 04:31:15 2022
  1.819e+007      0.24145            0  9.0867e+006      0.60532 Thu Jun 02 04:32:15 2022
 1.8133e+007      0.24679            0  9.2067e+006      0.61267 Thu Jun 02 04:33:15 2022
 1.8277e+007      0.25281            0  9.0533e+006      0.62091 Thu Jun 02 04:34:16 2022
  1.806e+007      0.23427            0    9.03e+006      0.60819 Thu Jun 02 04:35:16 2022
  1.808e+007      0.24725            0  9.0367e+006      0.61176 Thu Jun 02 04:36:16 2022
  1.822e+007      0.24052            0    9.13e+006      0.61226 Thu Jun 02 04:37:16 2022
  1.821e+007      0.22948            0    9.01e+006      0.62594 Thu Jun 02 04:38:16 2022
   1.81e+007      0.23588            0    9.13e+006      0.63777 Thu Jun 02 04:39:17 2022
   1.82e+007      0.22754            0  8.9467e+006      0.62275 Thu Jun 02 04:40:17 2022
  1.796e+007      0.23984            0     9.1e+006      0.60975 Thu Jun 02 04:41:17 2022
 1.7983e+007      0.21593            0  8.9267e+006      0.62122 Thu Jun 02 04:42:17 2022
 1.8027e+007      0.23246            0  9.0333e+006      0.62727 Thu Jun 02 04:43:17 2022
  1.788e+007      0.20746            0  8.9333e+006       0.6067 Thu Jun 02 04:44:17 2022
  1.802e+007      0.22827            0  8.9067e+006      0.62325 Thu Jun 02 04:45:18 2022
  1.524e+007     -0.39073            0  7.7533e+006      0.28893 Thu Jun 02 05:47:48 2022
 1.6203e+007     -0.17313            0  8.1467e+006      0.39503 Thu Jun 02 05:48:48 2022
 1.6383e+007     -0.13967            0  8.0967e+006       0.4185 Thu Jun 02 05:49:49 2022
 1.6437e+007     -0.11472            0  8.1233e+006      0.42347 Thu Jun 02 05:50:49 2022
 1.6527e+007     -0.11025            0  8.0567e+006       0.4288 Thu Jun 02 05:51:49 2022
 1.6523e+007     -0.12697            0    8.06e+006      0.41383 Thu Jun 02 05:52:49 2022
 1.6307e+007     -0.12856            0  8.1533e+006      0.43223 Thu Jun 02 05:53:49 2022
 1.6333e+007      -0.1289            0  8.2367e+006      0.42224 Thu Jun 02 05:54:50 2022
 1.6317e+007     -0.11943            0  8.1833e+006      0.44818 Thu Jun 02 05:55:50 2022
  1.641e+007     -0.12791            0  8.2167e+006      0.43945 Thu Jun 02 05:56:50 2022
 1.6247e+007      -0.1188            0  8.1267e+006      0.42537 Thu Jun 02 05:57:50 2022
 1.6303e+007     -0.11473            0    8.15e+006      0.43057 Thu Jun 02 05:58:50 2022
 1.6383e+007     -0.09921            0    8.13e+006      0.42808 Thu Jun 02 05:59:51 2022
 1.6517e+007     -0.11671            0    8.16e+006      0.43679 Thu Jun 02 06:00:51 2022
  1.629e+007     -0.11215            0  8.1567e+006      0.43396 Thu Jun 02 06:01:51 2022
 1.6397e+007     -0.11593            0     8.2e+006      0.43982 Thu Jun 02 06:02:51 2022
  1.613e+007      -0.1256            0  8.0967e+006      0.45469 Thu Jun 02 06:03:51 2022
  1.525e+007      -0.2865            0  7.7833e+006      0.34663 Thu Jun 02 07:06:22 2022
 1.6007e+007     -0.25027            0  7.8533e+006      0.36677 Thu Jun 02 07:07:22 2022
 1.5827e+007     -0.25857            0  7.7867e+006      0.35807 Thu Jun 02 07:08:22 2022
  1.551e+007     -0.27363            0    7.79e+006      0.37283 Thu Jun 02 07:09:23 2022
 1.5783e+007      -0.2372            0    7.76e+006       0.3802 Thu Jun 02 07:10:23 2022
 1.5587e+007      -0.2338            0  7.8567e+006      0.36883 Thu Jun 02 07:11:23 2022
 1.5723e+007     -0.24107            0  7.7567e+006       0.3739 Thu Jun 02 07:12:23 2022
  1.562e+007      -0.2392            0  7.9533e+006      0.37807 Thu Jun 02 07:13:23 2022
  1.585e+007     -0.21873            0  7.7433e+006      0.38367 Thu Jun 02 07:14:23 2022
 1.5843e+007     -0.23387            0  7.8333e+006       0.3932 Thu Jun 02 07:15:24 2022
  1.566e+007      -0.2238            0    7.74e+006      0.39413 Thu Jun 02 07:16:24 2022
 1.5637e+007     -0.22873            0    7.84e+006      0.39387 Thu Jun 02 07:17:24 2022
 1.5557e+007     -0.22227            0  7.9233e+006      0.38777 Thu Jun 02 07:18:24 2022
 1.5833e+007     -0.20543            0    8.02e+006      0.39877 Thu Jun 02 07:19:24 2022
 1.5777e+007     -0.20657            0  7.7667e+006      0.38427 Thu Jun 02 07:20:25 2022
 1.5633e+007      -0.2137            0  7.8533e+006      0.38903 Thu Jun 02 07:21:25 2022
 1.5527e+007     -0.20807            0  7.8067e+006      0.38453 Thu Jun 02 07:22:25 2022
  1.561e+007     -0.23157            0    8.01e+006       0.4014 Thu Jun 02 07:23:25 2022
  1.534e+007     -0.18397            0    7.49e+006       0.3913 Thu Jun 02 08:25:56 2022
 1.5603e+007     -0.29093            0  7.7833e+006      0.32027 Thu Jun 02 08:26:56 2022
   1.55e+007     -0.28683            0  7.6567e+006      0.31657 Thu Jun 02 08:27:56 2022
  1.541e+007     -0.28827            0    7.85e+006      0.32777 Thu Jun 02 08:28:56 2022
 1.5523e+007     -0.27787            0  7.7533e+006      0.33107 Thu Jun 02 08:29:57 2022
 1.5353e+007     -0.28107            0  7.7267e+006       0.3253 Thu Jun 02 08:30:57 2022
 1.5533e+007      -0.2778            0  7.6967e+006       0.3342 Thu Jun 02 08:31:57 2022
 1.5613e+007     -0.27403            0    7.65e+006       0.3339 Thu Jun 02 08:32:57 2022
 1.5607e+007      -0.2568            0  7.6867e+006       0.3339 Thu Jun 02 08:33:57 2022
  1.551e+007       -0.262            0  7.7967e+006      0.34127 Thu Jun 02 08:34:57 2022
 1.5437e+007      -0.2682            0  7.7567e+006       0.3471 Thu Jun 02 08:35:58 2022
 1.5523e+007      -0.2669            0    7.68e+006      0.34337 Thu Jun 02 08:36:58 2022
  1.557e+007     -0.24863            0    7.74e+006       0.3531 Thu Jun 02 08:37:58 2022
  1.541e+007      -0.2666            0  7.7567e+006       0.3444 Thu Jun 02 08:38:58 2022
 1.5513e+007     -0.24957            0    7.67e+006       0.3452 Thu Jun 02 08:39:58 2022
   1.55e+007      -0.2484            0    7.74e+006      0.34887 Thu Jun 02 08:40:59 2022
  1.559e+007     -0.22693            0  7.6933e+006       0.3569 Thu Jun 02 08:41:59 2022
