 4.1693e+006      0.38083            0  2.0793e+006     -0.00859 Wed Jun 01 14:00:11 2022
 4.1287e+006      0.26837            0  2.0587e+006   -0.0098633 Wed Jun 01 14:01:11 2022
 4.1143e+006      0.23287            0  2.0757e+006   -0.0069767 Wed Jun 01 14:02:11 2022
 4.1393e+006      0.25007            0   2.075e+006     -0.00927 Wed Jun 01 14:03:11 2022
  4.156e+006      0.28187            0    2.07e+006   -0.0082667 Wed Jun 01 14:04:12 2022
 4.1177e+006      0.26793            0  2.0567e+006     -0.00739 Wed Jun 01 14:05:12 2022
  4.131e+006      0.24693            0   2.067e+006      0.00137 Wed Jun 01 14:06:12 2022
 4.1443e+006      0.24867            0  2.0517e+006    0.0010333 Wed Jun 01 14:07:12 2022
 4.1417e+006      0.27663            0  2.0603e+006   -0.0016633 Wed Jun 01 14:08:12 2022
 4.1333e+006      0.23473            0  2.0613e+006  -0.00082667 Wed Jun 01 14:09:12 2022
 4.1497e+006       0.2351            0   2.055e+006   -0.0055067 Wed Jun 01 14:10:13 2022
 4.1353e+006       0.2811            0  2.0593e+006  -0.00013333 Wed Jun 01 14:11:13 2022
 4.1303e+006      0.25457            0   2.062e+006   0.00070333 Wed Jun 01 14:12:13 2022
 4.1377e+006      0.26213            0   2.056e+006      0.00175 Wed Jun 01 14:13:13 2022
   4.11e+006       0.2686            0  2.0693e+006    0.0060433 Wed Jun 01 14:14:13 2022
 4.1177e+006      0.23867            0  2.0707e+006    0.0066767 Wed Jun 01 14:15:14 2022
   4.12e+006       0.2659            0  2.0703e+006      0.00705 Wed Jun 01 14:16:14 2022
 3.8327e+006      -0.6164            0  1.9067e+006    -0.022807 Wed Jun 01 15:18:44 2022
  3.827e+006     -0.61987            0  1.9107e+006      -0.0199 Wed Jun 01 15:19:45 2022
 3.8433e+006      -0.6132            0  1.9093e+006     -0.01885 Wed Jun 01 15:20:45 2022
   3.87e+006     -0.60647            0  1.9173e+006    -0.018457 Wed Jun 01 15:21:45 2022
   3.87e+006     -0.60097            0  1.9313e+006      -0.0118 Wed Jun 01 15:22:45 2022
 3.8193e+006      -0.6089            0  1.8981e+006    -0.018203 Wed Jun 01 15:23:45 2022
 3.8553e+006      -0.6017            0    1.91e+006     -0.01449 Wed Jun 01 15:24:46 2022
 3.8147e+006     -0.60583            0    1.91e+006    -0.019763 Wed Jun 01 15:25:46 2022
 3.8433e+006     -0.59807            0  1.9127e+006    -0.016673 Wed Jun 01 15:26:46 2022
 3.8067e+006     -0.60997            0   1.929e+006    -0.014627 Wed Jun 01 15:27:46 2022
 3.8181e+006      -0.5966            0  1.9015e+006    -0.013377 Wed Jun 01 15:28:46 2022
 3.8256e+006     -0.59683            0  1.9173e+006   -0.0079267 Wed Jun 01 15:29:46 2022
  3.827e+006     -0.60493            0  1.9073e+006    -0.017617 Wed Jun 01 15:30:47 2022
 3.8143e+006     -0.59027            0   1.916e+006    -0.010217 Wed Jun 01 15:31:47 2022
  3.825e+006      -0.5992            0   1.909e+006    -0.016477 Wed Jun 01 15:32:47 2022
 3.8189e+006     -0.59383            0  1.9063e+006    -0.014353 Wed Jun 01 15:33:47 2022
 3.8643e+006     -0.58123            0  1.9175e+006   -0.0055733 Wed Jun 01 15:34:47 2022
   3.76e+006     -0.64477            0  1.8939e+006    -0.010183 Wed Jun 01 16:37:18 2022
 3.7403e+006      -0.6464            0  1.8792e+006     -0.01252 Wed Jun 01 16:38:18 2022
 3.7207e+006     -0.63883            0  1.8922e+006     -0.00747 Wed Jun 01 16:39:18 2022
 3.7833e+006     -0.61863            0  1.8914e+006      0.00635 Wed Jun 01 16:40:19 2022
 3.7416e+006     -0.63297            0  1.8708e+006   -0.0095233 Wed Jun 01 16:41:19 2022
 3.8056e+006      -0.6232            0  1.8709e+006     -0.00958 Wed Jun 01 16:42:19 2022
 3.8085e+006     -0.62227            0  1.8709e+006    -0.010463 Wed Jun 01 16:43:19 2022
 3.7753e+006     -0.62887            0  1.8841e+006   -0.0035733 Wed Jun 01 16:44:19 2022
  3.757e+006     -0.63267            0  1.9046e+006   0.00088667 Wed Jun 01 16:45:20 2022
 3.7913e+006     -0.61453            0  1.8785e+006     -0.01055 Wed Jun 01 16:46:20 2022
 3.7429e+006      -0.6355            0  1.8879e+006   -0.0084567 Wed Jun 01 16:47:20 2022
 3.7719e+006     -0.62347            0  1.8717e+006     -0.00016 Wed Jun 01 16:48:20 2022
 3.7713e+006     -0.61707            0  1.8727e+006   -0.0064333 Wed Jun 01 16:49:20 2022
 3.7571e+006     -0.62163            0  1.8919e+006   0.00038667 Wed Jun 01 16:50:20 2022
 3.7563e+006     -0.61643            0  1.8891e+006   -0.0083667 Wed Jun 01 16:51:21 2022
 3.7922e+006     -0.61187            0  1.8887e+006  -0.00031667 Wed Jun 01 16:52:21 2022
 3.7829e+006     -0.61227            0  1.8883e+006   0.00028667 Wed Jun 01 16:53:21 2022
 3.7644e+006     -0.61043            0  1.8925e+006    0.0051367 Wed Jun 01 16:54:21 2022
 3.7152e+006      -0.6436            0   1.834e+006     -0.00786 Wed Jun 01 17:56:52 2022
 3.7352e+006      -0.6384            0  1.8419e+006   -0.0087267 Wed Jun 01 17:57:52 2022
 3.6978e+006     -0.64647            0  1.8546e+006   -0.0085533 Wed Jun 01 17:58:52 2022
 3.7158e+006     -0.64863            0  1.8404e+006    -0.019763 Wed Jun 01 17:59:52 2022
 3.6882e+006     -0.65913            0  1.8454e+006    -0.011613 Wed Jun 01 18:00:53 2022
 3.6956e+006     -0.65803            0  1.8444e+006    -0.017263 Wed Jun 01 18:01:53 2022
 3.6804e+006      -0.6656            0   1.831e+006    -0.017753 Wed Jun 01 18:02:53 2022
 3.6646e+006      -0.6565            0  1.8524e+006    -0.012827 Wed Jun 01 18:03:53 2022
 3.7144e+006      -0.6474            0  1.8119e+006    -0.025713 Wed Jun 01 18:04:53 2022
 3.6743e+006     -0.65513            0   1.844e+006     -0.00377 Wed Jun 01 18:05:54 2022
 3.7474e+006     -0.63757            0  1.8595e+006   -0.0081433 Wed Jun 01 18:06:54 2022
 3.7535e+006     -0.63973            0  1.8357e+006    -0.019503 Wed Jun 01 18:07:54 2022
 3.6972e+006      -0.6474            0  1.8503e+006     -0.00956 Wed Jun 01 18:08:54 2022
 3.6984e+006      -0.6373            0  1.8467e+006   -0.0040233 Wed Jun 01 18:09:54 2022
 3.6841e+006     -0.65103            0  1.8462e+006   -0.0047967 Wed Jun 01 18:10:54 2022
 3.6901e+006     -0.65127            0  1.8537e+006   -0.0054233 Wed Jun 01 18:11:55 2022
 3.6816e+006     -0.65063            0   1.838e+006    -0.013047 Wed Jun 01 18:12:55 2022
 3.6656e+006     -0.65108            0  1.8119e+006   -0.0089367 Wed Jun 01 19:15:26 2022
 3.6744e+006      -0.6581            0  1.8205e+006      -0.0122 Wed Jun 01 19:16:26 2022
 3.6521e+006     -0.65802            0  1.8198e+006     -0.01129 Wed Jun 01 19:17:26 2022
 3.6332e+006     -0.66626            0  1.8167e+006    -0.011643 Wed Jun 01 19:18:26 2022
 3.6883e+006     -0.65726            0  1.7989e+006    -0.024707 Wed Jun 01 19:19:26 2022
 3.6661e+006     -0.65316            0   1.847e+006   -0.0051167 Wed Jun 01 19:20:26 2022
 3.6882e+006     -0.64026            0  1.8278e+006    -0.012383 Wed Jun 01 19:21:27 2022
 3.7112e+006     -0.63475            0  1.8396e+006      0.00205 Wed Jun 01 19:22:27 2022
 3.6674e+006     -0.65148            0  1.8856e+006    0.0093567 Wed Jun 01 19:23:27 2022
  3.658e+006     -0.65059            0  1.8377e+006      0.00705 Wed Jun 01 19:24:27 2022
 3.6772e+006     -0.64607            0  1.8447e+006    0.0042533 Wed Jun 01 19:25:27 2022
 3.6873e+006     -0.63886            0   1.858e+006     -0.00442 Wed Jun 01 19:26:28 2022
 3.6754e+006     -0.64227            0  1.8037e+006     0.013097 Wed Jun 01 19:27:28 2022
 3.6662e+006     -0.64771            0  1.8698e+006      0.00377 Wed Jun 01 19:28:28 2022
 3.6523e+006     -0.64973            0  1.8562e+006     -0.00406 Wed Jun 01 19:29:28 2022
 3.7124e+006     -0.62847            0  1.8401e+006     -0.01489 Wed Jun 01 19:30:28 2022
  3.693e+006      -0.6359            0  1.8586e+006   -0.0012633 Wed Jun 01 19:31:29 2022
 3.6811e+006     -0.63188            0  1.8357e+006    0.0015933 Wed Jun 01 19:32:29 2022
 3.6838e+006     -0.66421            0  1.9083e+006      0.01698 Wed Jun 01 20:34:59 2022
 3.6152e+006     -0.66342            0  1.8874e+006     0.011037 Wed Jun 01 20:36:00 2022
 3.6109e+006     -0.66964            0  1.7569e+006    -0.011677 Wed Jun 01 20:37:00 2022
 3.6234e+006     -0.65641            0  1.8515e+006    0.0068667 Wed Jun 01 20:38:00 2022
 3.6063e+006     -0.66717            0  1.7457e+006    -0.021983 Wed Jun 01 20:39:00 2022
 3.6641e+006     -0.65733            0  1.8329e+006    -0.016873 Wed Jun 01 20:40:00 2022
 3.5913e+006     -0.68048            0  1.8033e+006     -0.01782 Wed Jun 01 20:41:00 2022
  3.716e+006     -0.63696            0   1.874e+006      0.00081 Wed Jun 01 20:42:01 2022
 3.6207e+006     -0.65733            0  1.8087e+006   -0.0056867 Wed Jun 01 20:43:01 2022
 3.7112e+006     -0.64328            0  1.7761e+006    -0.026333 Wed Jun 01 20:44:01 2022
 3.6386e+006     -0.66676            0  1.8371e+006      0.00347 Wed Jun 01 20:45:01 2022
  3.664e+006     -0.64406            0  1.8481e+006    0.0054633 Wed Jun 01 20:46:01 2022
 3.6449e+006     -0.63974            0  1.8093e+006   -0.0051733 Wed Jun 01 20:47:02 2022
 3.6286e+006      -0.6693            0  1.8252e+006   -0.0032633 Wed Jun 01 20:48:02 2022
 3.7124e+006     -0.64999            0  1.8159e+006   -0.0012133 Wed Jun 01 20:49:02 2022
 3.6612e+006      -0.6481            0  1.8179e+006   -0.0045567 Wed Jun 01 20:50:02 2022
 3.6323e+006     -0.66301            0  1.8264e+006    0.0020733 Wed Jun 01 20:51:02 2022
 3.6369e+006     -0.65485            0  1.8134e+006   -0.0073567 Wed Jun 01 21:53:33 2022
  3.601e+006     -0.66175            0  1.7914e+006    0.0050567 Wed Jun 01 21:54:33 2022
 3.7151e+006     -0.64199            0  1.8291e+006    0.0022533 Wed Jun 01 21:55:33 2022
 3.6445e+006     -0.64037            0  1.8376e+006     0.017433 Wed Jun 01 21:56:34 2022
 3.6589e+006     -0.64351            0  1.8258e+006       0.0111 Wed Jun 01 21:57:34 2022
 3.6607e+006     -0.65929            0  1.8047e+006   -0.0034067 Wed Jun 01 21:58:34 2022
  3.657e+006     -0.64894            0  1.8056e+006   -0.0014167 Wed Jun 01 21:59:34 2022
 3.6404e+006     -0.64139            0  1.8328e+006      0.00229 Wed Jun 01 22:00:34 2022
 3.6447e+006     -0.65728            0  1.8394e+006    0.0021433 Wed Jun 01 22:01:34 2022
 3.6324e+006      -0.6551            0   1.837e+006     -0.00349 Wed Jun 01 22:02:35 2022
 3.6402e+006     -0.63606            0  1.8136e+006    0.0016267 Wed Jun 01 22:03:35 2022
 3.6032e+006     -0.65668            0  1.7904e+006   -0.0013233 Wed Jun 01 22:04:35 2022
  3.655e+006     -0.63928            0  1.8205e+006      0.01344 Wed Jun 01 22:05:35 2022
 3.6123e+006     -0.65387            0  1.7851e+006     0.014033 Wed Jun 01 22:06:35 2022
 3.6048e+006     -0.66471            0  1.8227e+006     -0.00106 Wed Jun 01 22:07:36 2022
  3.586e+006     -0.65398            0  1.8191e+006   -0.0045667 Wed Jun 01 22:08:36 2022
 3.5565e+006     -0.68197            0  1.8134e+006   -0.0043067 Wed Jun 01 22:09:36 2022
 3.6538e+006     -0.64558            0  1.8092e+006    0.0015867 Wed Jun 01 22:10:36 2022
 3.6056e+006     -0.67113            0  1.8529e+006     0.014427 Wed Jun 01 23:13:07 2022
 3.5959e+006     -0.67578            0  1.8078e+006   0.00035333 Wed Jun 01 23:14:07 2022
 3.6713e+006     -0.65255            0  1.7949e+006    -0.012383 Wed Jun 01 23:15:07 2022
 3.6501e+006     -0.66265            0  1.8027e+006   -0.0062467 Wed Jun 01 23:16:07 2022
 3.6596e+006     -0.65417            0   1.805e+006   -0.0010167 Wed Jun 01 23:17:08 2022
 3.7106e+006     -0.65071            0  1.8155e+006   -0.0032567 Wed Jun 01 23:18:08 2022
 3.6527e+006     -0.66344            0  1.8075e+006   -0.0079433 Wed Jun 01 23:19:08 2022
 3.5989e+006     -0.67441            0  1.8315e+006     -0.00082 Wed Jun 01 23:20:08 2022
 3.6276e+006     -0.65019            0  1.8052e+006   -0.0027633 Wed Jun 01 23:21:08 2022
 3.6017e+006     -0.67436            0  1.8282e+006   0.00046333 Wed Jun 01 23:22:09 2022
 3.6142e+006     -0.66118            0   1.833e+006   -0.0010667 Wed Jun 01 23:23:09 2022
  3.624e+006     -0.64112            0  1.7978e+006    -0.016433 Wed Jun 01 23:24:09 2022
 3.6831e+006      -0.6357            0  1.8053e+006    -0.023637 Wed Jun 01 23:25:09 2022
 3.5641e+006     -0.68165            0  1.8208e+006  -0.00039667 Wed Jun 01 23:26:09 2022
 3.6646e+006     -0.66583            0  1.8132e+006   -0.0054467 Wed Jun 01 23:27:09 2022
 3.5982e+006     -0.66562            0  1.8337e+006     -0.01689 Wed Jun 01 23:28:10 2022
  3.639e+006     -0.66856            0  1.7931e+006     -0.01169 Wed Jun 01 23:29:10 2022
 3.6609e+006     -0.66365            0  1.7883e+006    -0.022583 Thu Jun 02 00:31:40 2022
  3.613e+006      -0.6601            0  1.8751e+006    0.0065533 Thu Jun 02 00:32:41 2022
 3.6166e+006     -0.66377            0  1.8989e+006     0.012613 Thu Jun 02 00:33:41 2022
 3.6535e+006     -0.64748            0  1.7877e+006    -0.025663 Thu Jun 02 00:34:41 2022
 3.6113e+006     -0.67238            0  1.7658e+006   -0.0078167 Thu Jun 02 00:35:41 2022
 3.5953e+006     -0.68512            0  1.8321e+006     -0.02803 Thu Jun 02 00:36:41 2022
  3.617e+006     -0.67775            0  1.7399e+006    -0.028087 Thu Jun 02 00:37:42 2022
 3.5923e+006     -0.67956            0  1.8693e+006   -0.0080167 Thu Jun 02 00:38:42 2022
 3.7668e+006     -0.62009            0   1.786e+006    -0.027183 Thu Jun 02 00:39:42 2022
  3.603e+006     -0.66019            0  1.8221e+006     -0.01242 Thu Jun 02 00:40:42 2022
 3.6179e+006     -0.66503            0   1.787e+006    -0.010947 Thu Jun 02 00:41:42 2022
 3.5515e+006     -0.69091            0    1.87e+006   -0.0024867 Thu Jun 02 00:42:43 2022
 3.7009e+006     -0.64814            0   1.848e+006     0.010207 Thu Jun 02 00:43:43 2022
 3.6041e+006      -0.6736            0  1.8354e+006     -0.01223 Thu Jun 02 00:44:43 2022
 3.5988e+006     -0.65869            0  1.7805e+006    -0.035253 Thu Jun 02 00:45:43 2022
 3.7155e+006     -0.64622            0  1.7971e+006   -0.0067533 Thu Jun 02 00:46:43 2022
 3.6441e+006     -0.65476            0  1.8315e+006    -0.011147 Thu Jun 02 00:47:43 2022
 3.7326e+006     -0.63012            0  1.8309e+006    -0.016123 Thu Jun 02 00:48:44 2022
 3.5704e+006     -0.67436            0  1.7785e+006     -0.02492 Thu Jun 02 01:51:14 2022
 3.6314e+006      -0.6716            0  1.7671e+006     -0.03816 Thu Jun 02 01:52:14 2022
 3.6589e+006     -0.65381            0  1.8147e+006    -0.019003 Thu Jun 02 01:53:15 2022
 3.6159e+006     -0.67133            0   1.812e+006     -0.02058 Thu Jun 02 01:54:15 2022
 3.6154e+006     -0.66281            0  1.8019e+006    -0.014253 Thu Jun 02 01:55:15 2022
 3.6352e+006     -0.66169            0  1.7945e+006    -0.028567 Thu Jun 02 01:56:15 2022
 3.7132e+006     -0.63824            0  1.8172e+006   0.00060667 Thu Jun 02 01:57:15 2022
 3.6802e+006     -0.64285            0  1.8148e+006   -0.0099533 Thu Jun 02 01:58:16 2022
 3.7216e+006     -0.65398            0  1.7912e+006     -0.01975 Thu Jun 02 01:59:16 2022
 3.6057e+006     -0.67089            0   1.813e+006    -0.019797 Thu Jun 02 02:00:16 2022
 3.5925e+006     -0.66454            0  1.8185e+006   -0.0082233 Thu Jun 02 02:01:16 2022
 3.6574e+006     -0.65001            0  1.8068e+006     -0.02531 Thu Jun 02 02:02:16 2022
 3.6443e+006     -0.66485            0  1.8345e+006    0.0011733 Thu Jun 02 02:03:17 2022
 3.6463e+006     -0.65479            0   1.808e+006    -0.024597 Thu Jun 02 02:04:17 2022
 3.6598e+006     -0.63956            0  1.7988e+006    -0.024627 Thu Jun 02 02:05:17 2022
 3.5831e+006     -0.66915            0   1.827e+006     -0.01342 Thu Jun 02 02:06:17 2022
  3.569e+006     -0.67526            0  1.8292e+006    -0.019047 Thu Jun 02 02:07:17 2022
 3.5801e+006     -0.68224            0  1.7843e+006    -0.012217 Thu Jun 02 03:09:48 2022
 3.6079e+006     -0.62873            0   1.817e+006     -0.02972 Thu Jun 02 03:10:48 2022
 3.6647e+006     -0.61637            0  1.8034e+006     -0.03518 Thu Jun 02 03:11:48 2022
 3.6012e+006      -0.6735            0  1.7858e+006     -0.04935 Thu Jun 02 03:12:49 2022
 3.6333e+006      -0.6688            0  1.7888e+006    -0.048997 Thu Jun 02 03:13:49 2022
 3.6061e+006     -0.67787            0  1.7618e+006    -0.050287 Thu Jun 02 03:14:49 2022
 3.5803e+006     -0.67783            0  1.8039e+006     -0.05137 Thu Jun 02 03:15:49 2022
 3.5604e+006     -0.67873            0  1.7795e+006    -0.048523 Thu Jun 02 03:16:49 2022
 3.5808e+006     -0.68077            0   1.829e+006     -0.04708 Thu Jun 02 03:17:49 2022
  3.534e+006     -0.69073            0  1.7994e+006    -0.039273 Thu Jun 02 03:18:50 2022
 3.5116e+006     -0.68783            0  1.8116e+006    -0.043233 Thu Jun 02 03:19:50 2022
 3.6444e+006     -0.63973            0  1.7497e+006    -0.052113 Thu Jun 02 03:20:50 2022
 3.5686e+006      -0.6767            0  1.7813e+006      -0.0541 Thu Jun 02 03:21:50 2022
  3.578e+006      -0.6629            0  1.8063e+006    -0.041913 Thu Jun 02 03:22:50 2022
 3.5796e+006     -0.65827            0   1.776e+006    -0.054047 Thu Jun 02 03:23:51 2022
 3.5553e+006      -0.6697            0  1.8008e+006    -0.050017 Thu Jun 02 03:24:51 2022
  3.623e+006     -0.64707            0  1.8239e+006    -0.029977 Thu Jun 02 03:25:51 2022
 3.5715e+006     -0.70417            0  1.8048e+006    -0.065193 Thu Jun 02 04:28:22 2022
   3.37e+006     -0.74417            0  1.6897e+006     -0.21482 Thu Jun 02 04:29:22 2022
 3.3437e+006      -0.7476            0  1.5839e+006     -0.23163 Thu Jun 02 04:30:22 2022
 3.2703e+006     -0.76617            0   1.676e+006     -0.20754 Thu Jun 02 04:31:22 2022
 3.2687e+006      -0.7579            0  1.6647e+006     -0.21241 Thu Jun 02 04:32:22 2022
 3.3011e+006     -0.73903            0  1.6661e+006     -0.20204 Thu Jun 02 04:33:23 2022
 3.3451e+006     -0.73247            0  1.6329e+006     -0.19841 Thu Jun 02 04:34:23 2022
  3.306e+006     -0.74183            0  1.6231e+006      -0.2113 Thu Jun 02 04:35:23 2022
 3.3846e+006     -0.70897            0  1.6716e+006     -0.18535 Thu Jun 02 04:36:23 2022
  3.361e+006     -0.71843            0  1.6737e+006     -0.19701 Thu Jun 02 04:37:23 2022
 3.4053e+006     -0.68073            0  1.6647e+006     -0.20811 Thu Jun 02 04:38:23 2022
  3.373e+006      -0.7234            0  1.6767e+006     -0.19802 Thu Jun 02 04:39:24 2022
  3.396e+006     -0.70013            0  1.6547e+006     -0.20523 Thu Jun 02 04:40:24 2022
 3.3106e+006     -0.72227            0   1.652e+006      -0.1983 Thu Jun 02 04:41:24 2022
  3.313e+006      -0.7249            0   1.626e+006      -0.2178 Thu Jun 02 04:42:24 2022
 3.3955e+006      -0.6858            0  1.6758e+006     -0.18737 Thu Jun 02 04:43:24 2022
  3.372e+006      -0.7086            0  1.6274e+006     -0.20119 Thu Jun 02 04:44:25 2022
  3.435e+006      -0.6843            0  1.6538e+006     -0.18917 Thu Jun 02 04:45:25 2022
 3.3597e+006     -0.80653            0  1.6847e+006     -0.17599 Thu Jun 02 05:47:55 2022
 3.3856e+006     -0.76243            0  1.6715e+006     -0.16924 Thu Jun 02 05:48:56 2022
 3.3586e+006       -0.758            0  1.6583e+006     -0.16929 Thu Jun 02 05:49:56 2022
  3.371e+006     -0.74273            0  1.6745e+006     -0.16467 Thu Jun 02 05:50:56 2022
 3.3108e+006     -0.77073            0  1.6683e+006     -0.16534 Thu Jun 02 05:51:56 2022
 3.3334e+006      -0.7434            0  1.6107e+006     -0.18869 Thu Jun 02 05:52:56 2022
 3.3457e+006     -0.77087            0  1.6644e+006     -0.15645 Thu Jun 02 05:53:57 2022
 3.3314e+006      -0.7833            0   1.679e+006     -0.15521 Thu Jun 02 05:54:57 2022
 3.2694e+006     -0.76533            0  1.6917e+006     -0.16093 Thu Jun 02 05:55:57 2022
 3.3804e+006     -0.74537            0  1.6373e+006     -0.18814 Thu Jun 02 05:56:57 2022
 3.3808e+006     -0.72893            0  1.6795e+006     -0.16571 Thu Jun 02 05:57:57 2022
  3.387e+006      -0.7307            0  1.6381e+006     -0.18292 Thu Jun 02 05:58:57 2022
 3.3563e+006     -0.75097            0  1.6198e+006     -0.16925 Thu Jun 02 05:59:58 2022
 3.3222e+006     -0.76187            0  1.6794e+006     -0.15778 Thu Jun 02 06:00:58 2022
  3.348e+006      -0.7455            0  1.6685e+006     -0.17168 Thu Jun 02 06:01:58 2022
 3.2162e+006      -0.8131            0  1.6955e+006      -0.1497 Thu Jun 02 06:02:58 2022
  3.345e+006      -0.7405            0  1.6562e+006     -0.16522 Thu Jun 02 06:03:58 2022
 3.3542e+006      -0.7744            0  1.6896e+006     -0.15411 Thu Jun 02 07:06:29 2022
 3.2723e+006     -0.81283            0  1.6395e+006     -0.17757 Thu Jun 02 07:07:29 2022
  3.441e+006     -0.74367            0  1.6373e+006      -0.1708 Thu Jun 02 07:08:29 2022
 3.2504e+006     -0.82463            0  1.7371e+006       -0.151 Thu Jun 02 07:09:30 2022
 3.4137e+006     -0.74137            0  1.6966e+006     -0.15821 Thu Jun 02 07:10:30 2022
  3.357e+006     -0.73957            0  1.6577e+006     -0.15142 Thu Jun 02 07:11:30 2022
 3.3088e+006      -0.7736            0  1.6835e+006     -0.15483 Thu Jun 02 07:12:30 2022
 3.2841e+006       -0.772            0  1.6923e+006     -0.16506 Thu Jun 02 07:13:30 2022
 3.3204e+006      -0.7517            0  1.6423e+006     -0.14233 Thu Jun 02 07:14:31 2022
 3.2958e+006     -0.78047            0  1.6716e+006     -0.15616 Thu Jun 02 07:15:31 2022
 3.3561e+006     -0.73567            0  1.6489e+006      -0.1685 Thu Jun 02 07:16:31 2022
 3.3651e+006      -0.7326            0  1.6752e+006     -0.15873 Thu Jun 02 07:17:31 2022
   3.22e+006     -0.79143            0  1.6617e+006     -0.14582 Thu Jun 02 07:18:31 2022
 3.3338e+006     -0.75787            0  1.6843e+006     -0.13169 Thu Jun 02 07:19:31 2022
 3.3704e+006     -0.73077            0  1.6828e+006     -0.14766 Thu Jun 02 07:20:32 2022
 3.3036e+006     -0.75473            0  1.6515e+006     -0.14483 Thu Jun 02 07:21:32 2022
 3.3723e+006      -0.7587            0  1.6809e+006      -0.1337 Thu Jun 02 07:22:32 2022
 3.3238e+006       -0.743            0  1.6947e+006     -0.14394 Thu Jun 02 07:23:32 2022
 3.4024e+006     -0.70473            0  1.7059e+006     -0.14758 Thu Jun 02 08:26:03 2022
 3.3338e+006      -0.7851            0  1.6446e+006     -0.15383 Thu Jun 02 08:27:03 2022
 3.3455e+006      -0.7845            0  1.6727e+006     -0.14699 Thu Jun 02 08:28:03 2022
 3.3688e+006      -0.7624            0  1.6602e+006     -0.16348 Thu Jun 02 08:29:03 2022
 3.2981e+006     -0.79547            0  1.7112e+006     -0.13526 Thu Jun 02 08:30:04 2022
 3.2904e+006     -0.77843            0   1.666e+006     -0.14473 Thu Jun 02 08:31:04 2022
 3.3301e+006      -0.7749            0  1.7013e+006     -0.13199 Thu Jun 02 08:32:04 2022
 3.3513e+006      -0.7582            0  1.6607e+006     -0.14627 Thu Jun 02 08:33:04 2022
 3.3373e+006      -0.7607            0  1.6626e+006     -0.14059 Thu Jun 02 08:34:04 2022
 3.3462e+006      -0.7668            0  1.6731e+006     -0.14474 Thu Jun 02 08:35:05 2022
 3.3498e+006      -0.7465            0  1.6663e+006     -0.13995 Thu Jun 02 08:36:05 2022
 3.3657e+006     -0.75927            0  1.6801e+006     -0.14441 Thu Jun 02 08:37:05 2022
 3.2948e+006     -0.76397            0   1.661e+006     -0.14782 Thu Jun 02 08:38:05 2022
 3.3657e+006     -0.75083            0  1.6316e+006     -0.15703 Thu Jun 02 08:39:05 2022
 3.3189e+006     -0.76857            0  1.6577e+006     -0.14261 Thu Jun 02 08:40:05 2022
 3.3411e+006     -0.74267            0  1.6698e+006     -0.14143 Thu Jun 02 08:41:06 2022
 3.3397e+006     -0.74923            0   1.635e+006     -0.15977 Thu Jun 02 08:42:06 2022
